0 2.7585002000000001e-02 6.7875000140000002e-02 2.8334997899999999e-02 6.7875000140000002e-02 1
1 2.7585002000000001e-02 6.6755820300000004e-02 2.8334997899999999e-02 6.6755820300000004e-02 1
1 2.7585002000000001e-02 6.6931933700000001e-02 2.8334997899999999e-02 6.6931933700000001e-02 1
1 2.7585000700000001e-02 6.6449997900000002e-02 2.8334902050260395e-02 6.6449528548537459e-02 1
1 2.7585002000000001e-02 6.6755820300000004e-02 2.8334997899999999e-02 6.6755820300000004e-02 1
1 2.7585002000000001e-02 6.6755820300000004e-02 2.8334997899999999e-02 6.6755820300000004e-02 1
1 2.7585002000000001e-02 6.6755820300000004e-02 2.8334997899999999e-02 6.6755820300000004e-02 1
1 2.7585001999999997e-02 6.8818066600000005e-02 2.8334997900000002e-02 6.8818066600000005e-02 1
1 6.3230632999999991e-03 1.7700000200000000e-02 6.5045640999999996e-03 1.7700000200000000e-02 2
1 6.3230632999999991e-03 1.7700000200000000e-02 6.5045640999999996e-03 1.7700000200000000e-02 2
1 6.3230632999999991e-03 1.7700000200000000e-02 6.5045640999999996e-03 1.7700000200000000e-02 2
1 6.3230633000000000e-03 1.6500000000000001e-02 6.5045640999999996e-03 1.6500000000000001e-02 2
1 6.3230633000000000e-03 1.6500000000000001e-02 6.5045640999999996e-03 1.6500000000000001e-02 2
1 6.3230633000000000e-03 1.6500000000000001e-02 6.5045640999999996e-03 1.6500000000000001e-02 2
0 2.7959999959999999e-02 4.8354691880905604e-02 2.7959999959999999e-02 4.8814972200000001e-02 3
0 3.0124998848971376e-02 4.8354692007478710e-02 3.0124998795152323e-02 4.8814972200000001e-02 3
1 2.8461637299999999e-02 4.8354691880905597e-02 2.8461637299999999e-02 4.8814972200000001e-02 3
1 2.9623316780410240e-02 4.8354692024042197e-02 2.9623317962833799e-02 4.8814972200000001e-02 3
1 2.7458324706017435e-02 4.8354692466005780e-02 2.7458325779659402e-02 4.8814972200000001e-02 3
1 3.0626634199999999e-02 4.8354692024042197e-02 3.0626634199999999e-02 4.8814972200000001e-02 3
0 5.2950008400000003e-03 3.6873949599999997e-02 5.2950008400000003e-03 3.6967017800000002e-02 4
0 6.5650008399999998e-03 3.6873949599999997e-02 6.5650008399999998e-03 3.6965207923892344e-02 4
1 5.8695387000000003e-03 3.6876448264154052e-02 5.8695387000000003e-03 3.6967017800000002e-02 4
1 5.9904629999999997e-03 3.6876448264154059e-02 5.9904629999999997e-03 3.6967017800000009e-02 4
1 4.7204630000000003e-03 3.6876422983286389e-02 4.7204630000000003e-03 3.6967017800000002e-02 4
0 3.0361765499999999e-02 6.7875000140000002e-02 3.0638234399999999e-02 6.7875000140000002e-02 5
1 3.0361765500000002e-02 6.6931933700000001e-02 3.0638234399999999e-02 6.6931933700000001e-02 5
1 3.0361765499999999e-02 6.6749996000000006e-02 3.0638234399999999e-02 6.6749996000000006e-02 5
1 3.0361765500000002e-02 6.8818066600000005e-02 3.0638234399999999e-02 6.8818066600000005e-02 5
1 2.7669539066481789e-02 3.6876448770003054e-02 2.7669538300000001e-02 3.6775392499999997e-02 6
1 2.7790462599999999e-02 3.6876448311420160e-02 2.7790462599999999e-02 3.6775392041412398e-02 6
1 2.7358500000000001e-02 3.6873949599999997e-02 2.7358835299999999e-02 3.6773820300000003e-02 6
1 2.8101500799999998e-02 3.6873949599999997e-02 2.8099897606901885e-02 3.6772913805512439e-02 6
0 2.7095000420000001e-02 3.6873949599999997e-02 2.7095000420000001e-02 3.7105003259999998e-02 7
0 2.8365000420000001e-02 3.6873949599999997e-02 2.8365000420000001e-02 3.7105002841427738e-02 7
1 2.7669539066481789e-02 3.6876448770003054e-02 2.7669540800000000e-02 3.7105003300000002e-02 7
1 2.7790462599999999e-02 3.6876448311420160e-02 2.7790462599999999e-02 3.7105002841427738e-02 7
1 5.8695387000000003e-03 3.6876448264154052e-02 5.8695387000000003e-03 3.6775392499999997e-02 8
1 5.9904629999999997e-03 3.6876448264154059e-02 5.9904629999999997e-03 3.6775392500000004e-02 8
1 5.5585004000000002e-03 3.6873949599999997e-02 5.5588356999999996e-03 3.6773820300000003e-02 8
1 6.3015012000000002e-03 3.6873949599999997e-02 6.2998980448707919e-03 3.6772914310498672e-02 8
0 5.2950008400000003e-03 3.6967017800000002e-02 5.2950008400000003e-03 3.7205000519999996e-02 9
0 6.5650008399999998e-03 3.6965207923892344e-02 6.5650008399999998e-03 3.7205000500000002e-02 9
1 5.8695387000000003e-03 3.6967017800000002e-02 5.8695387000000003e-03 3.7205000500000002e-02 9
1 5.9904629999999997e-03 3.6967017800000009e-02 5.9904629999999997e-03 3.7205000500000002e-02 9
0 4.3100000159999999e-02 4.4690632000000001e-02 4.3100000159999999e-02 5.6081979591445501e-02 10
1 4.2156933700000003e-02 4.4690632000000001e-02 4.2156933700000003e-02 5.6081979591445494e-02 10
1 4.4043066600000000e-02 4.4690651626953189e-02 4.4043066600000000e-02 5.6081979591445501e-02 10
0 4.3100000159999999e-02 5.6331135232899669e-02 4.3100000159999999e-02 5.6528782104818751e-02 11
1 4.2155221800000003e-02 5.6302036200000002e-02 4.2142948499999999e-02 5.6498929400000002e-02 11
1 4.4043066600000000e-02 5.6331135232899676e-02 4.4043066600000000e-02 5.6528782104818757e-02 11
0 4.3084996379999997e-02 6.2466951499999999e-02 4.3084996380000011e-02 6.4124372600000007e-02 12
1 4.2141929900000000e-02 6.2466951499999993e-02 4.2141929900000000e-02 6.4124372600000007e-02 12
1 4.4028062799999997e-02 6.2466951499999993e-02 4.4028062799999997e-02 6.4124372583814662e-02 12
0 4.0783149329999997e-02 4.1983149470000002e-02 4.0483151229999993e-02 4.1683151369999998e-02 13
1 4.1449998400000000e-02 4.1316300399999999e-02 4.1150000300000003e-02 4.1016302300000002e-02 13
1 4.0116300274224102e-02 4.2649998516313778e-02 3.9816302178480860e-02 4.2350000412057005e-02 13
0 4.2808779005937977e-02 6.4791221694062026e-02 4.0001217955937973e-02 6.7598782744062030e-02 14
1 4.2141929900000000e-02 6.4124372600000007e-02 3.9334368900000000e-02 6.6931933700000001e-02 14
1 4.3475628027582126e-02 6.5458070772417887e-02 4.0668066994293817e-02 6.8265631805706189e-02 14
0 4.0783149329999997e-02 4.1983149470000002e-02 4.2823782784731056e-02 4.4023782924731060e-02 15
1 4.0116300274224102e-02 4.2649998516313778e-02 4.2156933700000003e-02 4.4690632000000001e-02 15
1 4.1449998400000000e-02 4.1316300399999999e-02 4.3490631854731052e-02 4.3356933854731050e-02 15
0 4.0483151229999993e-02 4.1683151369999998e-02 4.0349998059999996e-02 4.1549998200000000e-02 16
1 4.1150000300000003e-02 4.1016302300000002e-02 4.1016847129999992e-02 4.0883149129999991e-02 16
1 3.9816302178480860e-02 4.2350000412057005e-02 3.9683149010370213e-02 4.2216847240167658e-02 16
0 4.0349998059999996e-02 4.1549998200000000e-02 4.0049999959999999e-02 4.1250000100000003e-02 17
1 4.1016847129999992e-02 4.0883149129999991e-02 4.0716849030000002e-02 4.0583151030000000e-02 17
1 3.9683149010370213e-02 4.2216847240167658e-02 3.9383150914626984e-02 4.1916849135910900e-02 17
0 4.0049999959999999e-02 4.1250000100000003e-02 3.9888557954281381e-02 4.1088558094281386e-02 18
1 4.0716849030000002e-02 4.0583151030000000e-02 4.0555407024281384e-02 4.0421709024281383e-02 18
1 3.9383150914626984e-02 4.1916849135910900e-02 3.9221708911199110e-02 4.1755407127901531e-02 18
0 3.9675000660000001e-02 5.7299999699999986e-02 4.1362426799999998e-02 5.7299999700000000e-02 19
1 3.9675000699999997e-02 5.8114971400000000e-02 4.1362426799999998e-02 5.8114971400000000e-02 19
1 3.9675000699999997e-02 5.6485028000000000e-02 4.1362426790002176e-02 5.6485028000000000e-02 19
0 3.9788731700000003e-02 5.4999999219999991e-02 4.0700001149999984e-02 5.4999999219999984e-02 20
1 3.9788731700000003e-02 5.4200000800000002e-02 4.0700001149999984e-02 5.4200000800000002e-02 20
1 3.9788731700000003e-02 5.5799997599999998e-02 4.0700001149999991e-02 5.5799997599999998e-02 20
0 3.8650000170000004e-02 5.7299999699999993e-02 3.9561269599999997e-02 5.7299999699999986e-02 21
1 3.8650000170000011e-02 5.8099998100000001e-02 3.9561269599999997e-02 5.8099998100000001e-02 21
1 3.8650000170000011e-02 5.6500001299999998e-02 3.9561269599999997e-02 5.6500001299999998e-02 21
0 3.5837952200000002e-02 5.4999999219999998e-02 3.9675000659999994e-02 5.4999999219999991e-02 22
1 3.5837952200000009e-02 5.4185027500000003e-02 3.9675000699999997e-02 5.4185027500000003e-02 22
1 3.5837952200000009e-02 5.5814970899999997e-02 3.9675000699999997e-02 5.5814970899999997e-02 22
0 3.2842001879999999e-02 5.2237048199999997e-02 3.2842001879999999e-02 5.1712949699999997e-02 23
1 3.2027030200000001e-02 5.2237048199999997e-02 3.2027030200000001e-02 5.1712949699999997e-02 23
1 3.3656973600000001e-02 5.2237048199999997e-02 3.3656973600000001e-02 5.1712949699999990e-02 23
0 3.0638234399999999e-02 6.7875000140000002e-02 3.9334368900000000e-02 6.7875000140000002e-02 24
1 3.0638234399999999e-02 6.8818066600000005e-02 3.9334368900000000e-02 6.8818066600000005e-02 24
1 3.0638234399999999e-02 6.6931933700000001e-02 3.9334368900000000e-02 6.6931933700000001e-02 24
0 2.8334997899999999e-02 6.7875000140000002e-02 3.0361765499999999e-02 6.7875000140000002e-02 25
1 2.8334997900000002e-02 6.8818066600000005e-02 3.0361765500000002e-02 6.8818066600000005e-02 25
1 2.8334997899999999e-02 6.6931933700000001e-02 3.0361765500000002e-02 6.6931933700000001e-02 25
0 2.5474998599999996e-02 6.7875000140000002e-02 2.7585002000000001e-02 6.7875000140000002e-02 26
1 2.5474998599999993e-02 6.8818066600000005e-02 2.7585001999999997e-02 6.8818066600000005e-02 26
1 2.5474998600000000e-02 6.6931933700000001e-02 2.7585002000000001e-02 6.6931933700000001e-02 26
0 2.3824999300000000e-02 6.7875000140000002e-02 2.4499999259999995e-02 6.7875000140000002e-02 27
1 2.3824999300000003e-02 6.8818066600000005e-02 2.4499999259999995e-02 6.8818066600000005e-02 27
1 2.3824999300000000e-02 6.6700001199999998e-02 2.4499999259999999e-02 6.6700001199999998e-02 27
0 2.5800004280000000e-02 4.1393066800000003e-02 2.5800004280000000e-02 4.3392694500000002e-02 28
1 2.4985032599999998e-02 4.1393066800000003e-02 2.4985032599999998e-02 4.3392694499999995e-02 28
1 2.6614975999999999e-02 4.1393066800000003e-02 2.6615001662922737e-02 4.3392689270215952e-02 28
0 2.5800004280000000e-02 4.0450000379999997e-02 2.5800004280000000e-02 4.1393066800000003e-02 29
1 2.4985032599999998e-02 4.0450000379999997e-02 2.4985032599999998e-02 4.1393066800000003e-02 29
1 2.6614975999999999e-02 4.0450000379999997e-02 2.6614975999999999e-02 4.1393066800000003e-02 29
0 2.5800004280000000e-02 3.9506933899999999e-02 2.5800004280000000e-02 4.0450000379999997e-02 30
1 2.4985032599999998e-02 3.9506933899999999e-02 2.4985032599999998e-02 4.0450000379999997e-02 30
1 2.6614975999999999e-02 3.9506933899999999e-02 2.6614975999999999e-02 4.0450000379999997e-02 30
0 2.5800004280000000e-02 3.9387576799999997e-02 2.5800004280000000e-02 3.9506933899999999e-02 31
1 2.4985032599999998e-02 3.9387576799999997e-02 2.4985032599999998e-02 3.9506933899999999e-02 31
1 2.6614975999999999e-02 3.9387576799999997e-02 2.6614975999999999e-02 3.9506933899999999e-02 31
0 2.4499999259999995e-02 6.7875000140000002e-02 2.5174999199999999e-02 6.7875000140000002e-02 32
1 2.4499999259999999e-02 6.6700001199999998e-02 2.5174999199999999e-02 6.6700001199999998e-02 32
1 2.4499999259999995e-02 6.8818066600000005e-02 2.5174999199999996e-02 6.8818066600000005e-02 32
0 2.5324539099999998e-02 3.8574537999999998e-02 2.5561305249999999e-02 3.8811304149999996e-02 33
1 2.4748266449999997e-02 3.9150810649999992e-02 2.4985032599999998e-02 3.9387576799999997e-02 33
1 2.5902546600000000e-02 3.8000000200000002e-02 2.6138448836351660e-02 3.8235902436351658e-02 33
0 2.5173726650000002e-02 3.8423725550000003e-02 2.5324539099999998e-02 3.8574537999999998e-02 34
1 2.4597454000000001e-02 3.8999998199999997e-02 2.4748266449999997e-02 3.9150810649999992e-02 34
1 2.5749999300000000e-02 3.7847452900000002e-02 2.5902546600000000e-02 3.8000000200000002e-02 34
0 2.4499999259999999e-02 6.3050000900000000e-02 2.4499999259999999e-02 6.4283048999999995e-02 35
1 2.3556932799999999e-02 6.3050000900000000e-02 2.3556932799999999e-02 6.4283048999999995e-02 35
1 2.5443065700000000e-02 6.3050000900000000e-02 2.5443065700000000e-02 6.4283048999999995e-02 35
0 2.3524999899999999e-02 6.7875000140000002e-02 2.0995634900000001e-02 6.7875000140000002e-02 36
1 2.3524999899999999e-02 6.6931933700000001e-02 2.0995634900000001e-02 6.6931933700000001e-02 36
1 2.3524999900000003e-02 6.8818066600000005e-02 2.0995634900000004e-02 6.8818066600000005e-02 36
0 2.0001049699999999e-02 2.6190000960000001e-02 1.9830468300000001e-02 2.6190000960000001e-02 37
1 1.9996939849771647e-02 2.5615463099999999e-02 1.9835084798115122e-02 2.5615463099999999e-02 37
1 2.0002975042978193e-02 2.6764538800000001e-02 1.9835094156006369e-02 2.6764538800000001e-02 37
0 1.9627764900000001e-02 6.6897761799999997e-02 2.0328756239432685e-02 6.7598753139432685e-02 38
1 1.8960915818328601e-02 6.7564610914475978e-02 1.9661907187652958e-02 6.8265602214832022e-02 38
1 2.0294705817818032e-02 6.6230880109250004e-02 2.0995634900000001e-02 6.6931933700000001e-02 38
0 4.0000021600000001e-03 3.9387574299999999e-02 4.0000021600000001e-03 4.3392694500000002e-02 39
1 3.1850304999999999e-03 3.9387574299999999e-02 3.1850304999999999e-03 4.3392694500000002e-02 39
1 4.8149759850649333e-03 3.9387571783088986e-02 4.8150007233604365e-03 4.3392691983014098e-02 39
0 3.6500016000000001e-03 3.8700000100000000e-02 3.7613031449475823e-03 3.8811301638587502e-02 40
1 3.0737289582324573e-03 3.9276272758232457e-02 3.1850304999999999e-03 3.9387574299999999e-02 40
1 4.2262760143220784e-03 3.8123812290319532e-02 4.3377746957644122e-03 3.8235344499298232e-02 40
0 3.9280438778908904e-02 4.0490219599454452e-02 3.9200000340000006e-02 4.0450000379999997e-02 41
1 3.9671533600000003e-02 3.9633281200000002e-02 3.9588367970531613e-02 3.9598832475734091e-02 41
1 3.9670443455541590e-02 3.9641407796750051e-02 3.9585138311402979e-02 3.9606072846390394e-02 41
0 3.8363516159676037e-02 4.0450000379999997e-02 3.7250000399999997e-02 4.0450000379999997e-02 42
1 3.8363516159676037e-02 3.9506933899999999e-02 3.7250000399999997e-02 3.9506933899999999e-02 42
1 3.8363516159676037e-02 4.1393066800000003e-02 3.7250000399999997e-02 4.1393066800000003e-02 42
0 3.7250000399999997e-02 4.0450000379999997e-02 3.6950002300000000e-02 4.0450000379999997e-02 43
1 3.7250000399999997e-02 3.9506933899999999e-02 3.6950002300000000e-02 3.9506933899999999e-02 43
1 3.7250000399999997e-02 4.1393066800000003e-02 3.6950002300000000e-02 4.1393066800000003e-02 43
0 3.6950002300000000e-02 4.0450000379999997e-02 3.6549995500000002e-02 4.0450000379999997e-02 44
1 3.6950002300000000e-02 3.9506933899999999e-02 3.6549995500000002e-02 3.9506933899999999e-02 44
1 3.6950002300000000e-02 4.1393066800000003e-02 3.6549995500000002e-02 4.1393066800000003e-02 44
0 3.6549995500000002e-02 4.0450000379999997e-02 3.5599997379999998e-02 4.0450000379999997e-02 45
1 3.6549995500000002e-02 3.9506933899999999e-02 3.5599997379999998e-02 3.9506933899999999e-02 45
1 3.6549995500000002e-02 4.1393066800000003e-02 3.5599997379999998e-02 4.1393066800000003e-02 45
0 3.5599997379999998e-02 4.0450000379999997e-02 3.4649999299999998e-02 4.0450000379999997e-02 46
1 3.5599997379999998e-02 3.9506933899999999e-02 3.4649999299999998e-02 3.9506933899999999e-02 46
1 3.5599997379999998e-02 4.1393066800000003e-02 3.4649999299999998e-02 4.1393066800000003e-02 46
0 3.4649999299999998e-02 4.0450000379999997e-02 3.0975000300000000e-02 4.0450000379999997e-02 47
1 3.4649999299999998e-02 3.9506933899999999e-02 3.0975000300000000e-02 3.9506933899999999e-02 47
1 3.4649999299999998e-02 4.1393066800000003e-02 3.0975000300000000e-02 4.1393066800000003e-02 47
0 3.0975000300000000e-02 4.0450000379999997e-02 3.0675000899999999e-02 4.0450000379999997e-02 48
1 3.0975000300000000e-02 3.9506933899999999e-02 3.0675000899999999e-02 3.9506933899999999e-02 48
1 3.0975000300000000e-02 4.1393066800000003e-02 3.0675000899999999e-02 4.1393066800000003e-02 48
0 3.0675000899999999e-02 4.0450000379999997e-02 3.0000000960000005e-02 4.0450000379999997e-02 49
1 3.0675000899999999e-02 3.9506933899999999e-02 3.0000000959999999e-02 3.9506933899999999e-02 49
1 3.0675000899999999e-02 4.1393066800000003e-02 3.0000000960000002e-02 4.1393066800000003e-02 49
0 3.0000000960000005e-02 4.0450000379999997e-02 2.9325001000000000e-02 4.0450000379999997e-02 50
1 3.0000000959999999e-02 3.9506933899999999e-02 2.9325001000000000e-02 3.9506933899999999e-02 50
1 3.0000000960000002e-02 4.1393066800000003e-02 2.9325001000000000e-02 4.1393066800000003e-02 50
0 2.9325001000000000e-02 4.0450000379999997e-02 2.8674999800000000e-02 4.0450000379999997e-02 51
1 2.9325001000000000e-02 3.9506933899999999e-02 2.8674999800000000e-02 3.9506933899999999e-02 51
1 2.9325001000000000e-02 4.1393066800000003e-02 2.8674999800000000e-02 4.1393066800000003e-02 51
0 2.7999999880000001e-02 4.0450000379999997e-02 2.8674999800000000e-02 4.0450000379999997e-02 52
1 2.7999999880000001e-02 4.1393066800000003e-02 2.8674999800000000e-02 4.1393066800000003e-02 52
1 2.7999999880000001e-02 3.9506933899999999e-02 2.8674999800000000e-02 3.9506933899999999e-02 52
0 2.7999999880000001e-02 4.0450000379999997e-02 2.7959999960000002e-02 4.0450000379999997e-02 53
1 2.7999999880000001e-02 3.9506933899999999e-02 2.7959999960000002e-02 3.9506933899999999e-02 53
1 2.7999999880000001e-02 4.1393066800000003e-02 2.7959999960000002e-02 4.1393066800000003e-02 53
0 2.7959999960000002e-02 4.0450000379999997e-02 2.7324999999999999e-02 4.0450000379999997e-02 54
1 2.7959999960000002e-02 3.9506933899999999e-02 2.7324999999999999e-02 3.9506933899999999e-02 54
1 2.7959999960000002e-02 4.1393066800000003e-02 2.7324999999999999e-02 4.1393066800000003e-02 54
0 2.7324999999999999e-02 4.0450000379999997e-02 2.7025000600000001e-02 4.0450000379999997e-02 55
1 2.7324999999999999e-02 3.9506933899999999e-02 2.7025000600000001e-02 3.9506933899999999e-02 55
1 2.7324999999999999e-02 4.1393066800000003e-02 2.7025000600000001e-02 4.1393066800000003e-02 55
0 2.7025000600000001e-02 4.0450000379999997e-02 2.6614975999999999e-02 4.0450000379999997e-02 56
1 2.7025000600000001e-02 3.9506933899999999e-02 2.6614975999999999e-02 3.9506933899999999e-02 56
1 2.7025000600000001e-02 4.1393066800000003e-02 2.6614975999999999e-02 4.1393066800000003e-02 56
0 2.6614975999999999e-02 4.0450000379999997e-02 2.5800004280000000e-02 4.0450000379999997e-02 57
1 2.6614975999999999e-02 3.9506933899999999e-02 2.5800004280000000e-02 3.9506933899999999e-02 57
1 2.6614975999999999e-02 4.1393066800000003e-02 2.5800004280000000e-02 4.1393066800000003e-02 57
0 2.5800004280000000e-02 4.0450000379999997e-02 2.4985032599999998e-02 4.0450000379999997e-02 58
1 2.5800004280000000e-02 3.9506933899999999e-02 2.4985032599999998e-02 3.9506933899999999e-02 58
1 2.5800004280000000e-02 4.1393066800000003e-02 2.4985032599999998e-02 4.1393066800000003e-02 58
0 2.4985032599999998e-02 4.0450000379999997e-02 1.9749998599999999e-02 4.0450000379999997e-02 59
1 2.4985032599999998e-02 3.9506933899999999e-02 1.9749998599999999e-02 3.9506933899999999e-02 59
1 2.4985032599999998e-02 4.1393066800000003e-02 1.9749998599999999e-02 4.1393066800000003e-02 59
0 1.9749998599999999e-02 4.0450000379999997e-02 1.9450000499999998e-02 4.0450000379999997e-02 60
1 1.9749998599999999e-02 3.9506933899999999e-02 1.9450000499999998e-02 3.9506933899999999e-02 60
1 1.9749998599999999e-02 4.1393066800000003e-02 1.9450000499999998e-02 4.1393066800000003e-02 60
0 1.7500000559999999e-02 4.0450000379999997e-02 1.9450000499999998e-02 4.0450000379999997e-02 61
1 1.7500000560000003e-02 4.1393066800000003e-02 1.9450000499999998e-02 4.1393066800000003e-02 61
1 1.7500000559999999e-02 3.9506933899999999e-02 1.9450000499999998e-02 3.9506933899999999e-02 61
0 1.5250002500000000e-02 4.0449999597124302e-02 1.5550000700000000e-02 4.0449999701507193e-02 62
1 1.5250002500000000e-02 4.1393066800000003e-02 1.5550000535932227e-02 4.1393066800000003e-02 62
1 1.5250002500000000e-02 3.9506933899999999e-02 1.5550000864067558e-02 3.9506933899999999e-02 62
0 1.7500000559999999e-02 4.0450000379999997e-02 1.5550000700000000e-02 4.0449999701507193e-02 63
1 1.7500000559999999e-02 3.9506933899999999e-02 1.5550000864067558e-02 3.9506933899999999e-02 63
1 1.7500000560000003e-02 4.1393066800000003e-02 1.5550000535932227e-02 4.1393066800000003e-02 63
0 1.5250002500000000e-02 4.0449999597124302e-02 1.4749995900000000e-02 4.0449999423149481e-02 64
1 1.5250002500000000e-02 3.9506933899999999e-02 1.4749995900000000e-02 3.9506933899999999e-02 64
1 1.5250002500000000e-02 4.1393066800000003e-02 1.4749995900000000e-02 4.1393066800000003e-02 64
0 1.4087215735932542e-02 4.0449999192538402e-02 1.4749995900000000e-02 4.0449999423149481e-02 65
1 1.4087215571864688e-02 4.1393066800000003e-02 1.4749995900000000e-02 4.1393066800000003e-02 65
1 1.4087215900000000e-02 3.9506933899999999e-02 1.4749995900000000e-02 3.9506933899999999e-02 65
0 3.2624999519999996e-02 4.8000000520000002e-02 3.2600000839999997e-02 4.8000000520000002e-02 66
1 3.2624999500000001e-02 4.7185028800000001e-02 3.2600000839999997e-02 4.7185028800000001e-02 66
1 3.2624999500000001e-02 4.8814972200000001e-02 3.2600000839999997e-02 4.8814972200000001e-02 66
0 3.2600000839999997e-02 4.8000000520000002e-02 3.2114353396259308e-02 4.8000000520000002e-02 67
1 3.2600000839999997e-02 4.7185028800000001e-02 3.2114353396259301e-02 4.7185028800000001e-02 67
1 3.2600000839999997e-02 4.8814972200000001e-02 3.2114353396259301e-02 4.8814972200000001e-02 67
0 3.2114353396259308e-02 4.8000000520000002e-02 3.2049999400000001e-02 4.8000000520000002e-02 68
1 3.2114353396259301e-02 4.7185028800000001e-02 3.2049999400000001e-02 4.7185028800000001e-02 68
1 3.2114353396259301e-02 4.8814972200000001e-02 3.2049999400000001e-02 4.8814972200000001e-02 68
0 3.2049999400000001e-02 4.8000000520000002e-02 3.1750000000000000e-02 4.8000000520000002e-02 69
1 3.2049999400000001e-02 4.7185028800000001e-02 3.1750000000000000e-02 4.7185028800000001e-02 69
1 3.2049999400000001e-02 4.8814972200000001e-02 3.1750000000000000e-02 4.8814972200000001e-02 69
0 3.1750000000000000e-02 4.8000000520000002e-02 3.0626634199999999e-02 4.8000000520000002e-02 70
1 3.1750000000000000e-02 4.7185028800000001e-02 3.0626634199999999e-02 4.7185028800000001e-02 70
1 3.1750000000000000e-02 4.8814972200000001e-02 3.0626634199999999e-02 4.8814972200000001e-02 70
0 3.0626634199999999e-02 4.8000000520000002e-02 3.0124998795152323e-02 4.8000000520000002e-02 71
1 3.0626634199999999e-02 4.7185028800000001e-02 3.0124998985736260e-02 4.7185028800000001e-02 71
1 3.0626634199999999e-02 4.8814972200000001e-02 3.0124998795152323e-02 4.8814972200000001e-02 71
0 3.0124998795152323e-02 4.8000000520000002e-02 3.0031968224075299e-02 4.8000000520000002e-02 72
1 3.0124998985736260e-02 4.7185028800000001e-02 3.0031968224075299e-02 4.7185028800000001e-02 72
1 3.0124998795152323e-02 4.8814972200000001e-02 3.0031968224075296e-02 4.8814972200000001e-02 72
0 3.0031968224075299e-02 4.8000000520000002e-02 3.0017381034104198e-02 4.8000000520000002e-02 73
1 3.0031968224075299e-02 4.7185028800000001e-02 3.0017381034104201e-02 4.7185028800000001e-02 73
1 3.0031968224075296e-02 4.8814972200000001e-02 3.0017381034104194e-02 4.8814972200000001e-02 73
0 2.6807722589999999e-02 4.6007717210000000e-02 2.6882045400655002e-02 4.6082040020655003e-02 74
1 2.6231449950000003e-02 4.6583989850000000e-02 2.6305772760655006e-02 4.6658312660655003e-02 74
1 2.7383995249999998e-02 4.5431444549999998e-02 2.7458318060655001e-02 4.5505767360655001e-02 74
0 9.2016376999999993e-03 4.8000000520000002e-02 2.6551515627952847e-02 4.8000000520000002e-02 75
1 9.2016376999999993e-03 4.8814972200000001e-02 2.6551515627952847e-02 4.8814972200000001e-02 75
1 9.2016376999999993e-03 4.7185028800000001e-02 2.6551515627952847e-02 4.7185028800000001e-02 75
0 2.6567270656787170e-02 4.8000000520000002e-02 2.6551515627952847e-02 4.8000000520000002e-02 76
1 2.6567270656787170e-02 4.7185028800000001e-02 2.6551515627952847e-02 4.7185028800000001e-02 76
1 2.6567270656787170e-02 4.8814972200000001e-02 2.6551515627952847e-02 4.8814972200000001e-02 76
0 9.2016376999999993e-03 4.8000000520000002e-02 8.7000003799999996e-03 4.8000000520000002e-02 77
1 9.2016376999999993e-03 4.7185028800000001e-02 8.7000003799999996e-03 4.7185028800000001e-02 77
1 9.2016376999999993e-03 4.8814972200000001e-02 8.7000003799999996e-03 4.8814972200000001e-02 77
0 8.7000003799999996e-03 4.8000000520000002e-02 8.1983190689707986e-03 4.8000000520000002e-02 78
1 8.7000003799999996e-03 4.7185028800000001e-02 8.1983169028878693e-03 4.7185028800000001e-02 78
1 8.7000003799999996e-03 4.8814972200000001e-02 8.1983212350536204e-03 4.8814972200000001e-02 78
0 7.3375773999999998e-03 4.8000000520000002e-02 8.1983190689707986e-03 4.8000000520000002e-02 79
1 7.3375780245662206e-03 4.8814972200000001e-02 8.1983212350536204e-03 4.8814972200000001e-02 79
1 7.3375773999999998e-03 4.7185028800000001e-02 8.1983169028878693e-03 4.7185028800000001e-02 79
0 5.0077204800000000e-03 4.6007717220000001e-02 5.1020458190720553e-03 4.6102042559072055e-02 80
1 4.4314478417475526e-03 4.6583989844135143e-02 4.5257731785088625e-03 4.6678315185517939e-02 80
1 5.5839931499999749e-03 4.5431444549999957e-02 5.6783184890720397e-03 4.5525769889071997e-02 80
0 3.8900000900000002e-02 1.9065001240000001e-02 3.8615000240000003e-02 1.9065001240000001e-02 81
1 3.8900000900000002e-02 2.0325001299999999e-02 3.8615000240000009e-02 2.0325001299999999e-02 81
1 3.8900000900000002e-02 1.8000002099999999e-02 3.8615000240000003e-02 1.8000002099999999e-02 81
0 3.6479542032606081e-02 1.9000000100000001e-02 3.6999999659999998e-02 1.9000000100000001e-02 82
1 3.6479542032606081e-02 1.8000002099999999e-02 3.6999999659999998e-02 1.8000002099999999e-02 82
1 3.6483048699999999e-02 2.0365001200000000e-02 3.7003497420359709e-02 2.0362329531094143e-02 82
0 3.5266949999999998e-02 2.6190000960000001e-02 3.7796365899999997e-02 2.6190000960000001e-02 83
1 3.5266949999999991e-02 2.5246934499999998e-02 3.7796365899999990e-02 2.5246934499999998e-02 83
1 3.5266949999999998e-02 2.7133067399999999e-02 3.7796365899999997e-02 2.7133067399999999e-02 83
0 3.0124998875546795e-02 4.8127409310793519e-02 3.0124998848971376e-02 4.8354692007478710e-02 84
1 2.9623316196538896e-02 4.8127409335535921e-02 2.9623316780410240e-02 4.8354692024042197e-02 84
1 3.0626634199999999e-02 4.8127409335535921e-02 3.0626634199999999e-02 4.8354692024042197e-02 84
0 3.0124998795152323e-02 4.8814972200000001e-02 3.0124996943614448e-02 6.4650000170672600e-02 85
1 2.9623317962833799e-02 4.8814972200000001e-02 2.9623358641776634e-02 6.4650000785680367e-02 85
1 3.0626634199999999e-02 4.8814972200000001e-02 3.0626634199999999e-02 6.4650000200000002e-02 85
0 3.0124998890444291e-02 4.8000000490672712e-02 3.0124998875546795e-02 4.8127409310793519e-02 86
1 2.9623315869235674e-02 4.8000000520000002e-02 2.9623316196538896e-02 4.8127409335535921e-02 86
1 3.0626634199999999e-02 4.8000000520000002e-02 3.0626634199999999e-02 4.8127409335535921e-02 86
0 3.0124998910795640e-02 4.7825948339787275e-02 3.0124998890444291e-02 4.8000000490672712e-02 87
1 2.9623315422110899e-02 4.7825948954850102e-02 2.9623315869235674e-02 4.8000000520000002e-02 87
1 3.0626634199999999e-02 4.7825948362851187e-02 3.0626634199999999e-02 4.8000000520000002e-02 87
0 3.0124998985736260e-02 4.7185028800000001e-02 3.0124998953395460e-02 4.7461619119384749e-02 88
1 2.9623313775639003e-02 4.7185029415064632e-02 2.9623314486177801e-02 4.7461619734447798e-02 88
1 3.0626634199999999e-02 4.7185028800000001e-02 3.0626634199999999e-02 4.7461619129338037e-02 88
0 3.0124999316530999e-02 4.4355951400000003e-02 3.0124998989805290e-02 4.7150228979599654e-02 89
1 2.9623306518477895e-02 4.4360045649299615e-02 2.9623313686241000e-02 4.7150229594665499e-02 89
1 3.0626634199999999e-02 4.4360044579682463e-02 3.0626634199999999e-02 4.7150279328847015e-02 89
0 3.0000000959999999e-02 4.1851577500000001e-02 3.0000000959999999e-02 4.2244048100000001e-02 90
1 2.9498363699999999e-02 4.1851577500000001e-02 2.9498363699999999e-02 4.2239955420471341e-02 90
1 3.0501647667801623e-02 4.1851554225373386e-02 3.0501683707011073e-02 4.2239939657494549e-02 90
0 2.5737982599999997e-02 2.6700002479999999e-02 3.0412575699999996e-02 2.6700002479999999e-02 91
1 2.5737982600000001e-02 2.6125464599999999e-02 3.0412575700000000e-02 2.6125464599999999e-02 91
1 2.5737982711622368e-02 2.7274542807529775e-02 3.0412575811622041e-02 2.7274540991158919e-02 91
0 2.7959999959999999e-02 4.8814972200000001e-02 2.7959999959999999e-02 6.4567246999999994e-02 92
1 2.7458325779659402e-02 4.8814972200000001e-02 2.7458362510976671e-02 6.4562009742611504e-02 92
1 2.8461637299999999e-02 4.8814972200000001e-02 2.8461637299999999e-02 6.4562009595387035e-02 92
0 2.7959999959999999e-02 4.7661631919999996e-02 2.7959999959999999e-02 4.7900108243874362e-02 93
1 2.7458323089395588e-02 4.7661632505101970e-02 2.7458323645662100e-02 4.7900108828976100e-02 93
1 2.8461637299999999e-02 4.7661631920000003e-02 2.8461637299999999e-02 4.7900108243874362e-02 93
0 2.7959999959999999e-02 4.6928463077516393e-02 2.7959999959999999e-02 4.7661631919999996e-02 94
1 2.7458321379216281e-02 4.6928463662620545e-02 2.7458323089395588e-02 4.7661632505101970e-02 94
1 2.8461637299999999e-02 4.6928463077516400e-02 2.8461637299999999e-02 4.7661631920000003e-02 94
0 2.7959999959999999e-02 4.6658314783967036e-02 2.7959999959999999e-02 4.6773579300000000e-02 95
1 2.7458320749072184e-02 4.6658315369072188e-02 2.7458321017935199e-02 4.6773579300000000e-02 95
1 2.8461637299999999e-02 4.6658314783967036e-02 2.8461637299999999e-02 4.6773579300000000e-02 95
0 2.7959999959999999e-02 4.6509086599999999e-02 2.7959999959999999e-02 4.6658314783967036e-02 96
1 2.7458320400984632e-02 4.6509087185105054e-02 2.7458320749072184e-02 4.6658315369072188e-02 96
1 2.8461637299999999e-02 4.6509086599999999e-02 2.8461637299999999e-02 4.6658314783967036e-02 96
0 2.7959999959999999e-02 4.1830950100000000e-02 2.7959999959999999e-02 4.5505766775544784e-02 97
1 2.7458309498392144e-02 4.1835050249792997e-02 2.7458318060655001e-02 4.5505767360655001e-02 97
1 2.8461637299999999e-02 4.1835049203356289e-02 2.8461637299999999e-02 4.5506259161219254e-02 97
0 2.6926722890000001e-02 3.7273280790000002e-02 2.6368280990000003e-02 3.7831722690000000e-02 98
1 2.6520462599999999e-02 3.6867020500000000e-02 2.5962020700000001e-02 3.7425462399999998e-02 98
1 2.7332983199999994e-02 3.7679541099999998e-02 2.6774541299999999e-02 3.8237982999999996e-02 98
0 2.5962020700000001e-02 3.8000000200000002e-02 2.5902546600000000e-02 3.8000000200000002e-02 99
1 2.5962020700000001e-02 3.7425462399999998e-02 2.5902546600000003e-02 3.7425462399999998e-02 99
1 2.5962020703998841e-02 3.8574537999999998e-02 2.5902546600000003e-02 3.8574537999999998e-02 99
0 2.5749999300000000e-02 3.8000000200000002e-02 2.5902546600000000e-02 3.8000000200000002e-02 100
1 2.5750510037274833e-02 3.8574537999999998e-02 2.5902546600000003e-02 3.8574537999999998e-02 100
1 2.5749999300000000e-02 3.7425462399999998e-02 2.5902546600000003e-02 3.7425462399999998e-02 100
0 2.5749999300000000e-02 3.8000000200000002e-02 2.5340947499999999e-02 3.8000000200000002e-02 101
1 2.5749999300000000e-02 3.7425462399999998e-02 2.5341510875893491e-02 3.7425462399999998e-02 101
1 2.5750510037274833e-02 3.8574537999999998e-02 2.5342827766605056e-02 3.8574537999999998e-02 101
0 2.5331722789410867e-02 2.6531722929410865e-02 2.5250000260000002e-02 2.6450000400000000e-02 102
1 2.4925461696751385e-02 2.6937979896751386e-02 2.4843741230000001e-02 2.6856259430000001e-02 102
1 2.5737982600000001e-02 2.6125464599999999e-02 2.5656260368541815e-02 2.6043741772637789e-02 102
0 2.5250000260000002e-02 2.6450000400000000e-02 2.5168737995183096e-02 2.6368738135183093e-02 103
1 2.4843741230000001e-02 2.6856259430000001e-02 2.4762478965183094e-02 2.6774997165183095e-02 103
1 2.5656260368541815e-02 2.6043741772637789e-02 2.5574998400000000e-02 2.5962479211548099e-02 103
0 2.5168737995183096e-02 2.6368738135183093e-02 2.5143740630000001e-02 2.6343740769999999e-02 104
1 2.4762478965183094e-02 2.6774997165183095e-02 2.4737481600000000e-02 2.6749999800000000e-02 104
1 2.5574998400000000e-02 2.5962479211548099e-02 2.5550001125954413e-02 2.5937481755226807e-02 104
0 2.5143740630000001e-02 2.6343740769999999e-02 2.5082505080000001e-02 2.6282505219999999e-02 105
1 2.4737481600000000e-02 2.6749999800000000e-02 2.4677571729125738e-02 2.6690089929125738e-02 105
1 2.5550001125954413e-02 2.5937481755226807e-02 2.5489168227101577e-02 2.5876648412791230e-02 105
0 1.7200001199999995e-02 1.9065001240000001e-02 1.6815000659999999e-02 1.9065001240000001e-02 106
1 1.7200001199999999e-02 2.0325001299999999e-02 1.6815000659999999e-02 2.0325001299999999e-02 106
1 1.7200001199999995e-02 1.8000002099999999e-02 1.6815000659999999e-02 1.8000002099999999e-02 106
0 1.5200000080000000e-02 1.9000000100000001e-02 1.4779541770739200e-02 1.9000000100000001e-02 107
1 1.5200000080000001e-02 1.8000002099999999e-02 1.4779541770739200e-02 1.8000002099999999e-02 107
1 1.5203500013600010e-02 2.0362842858317725e-02 1.4783048900000000e-02 2.0365001200000000e-02 107
0 1.3466950500000000e-02 2.6190000960000001e-02 1.6096366099999999e-02 2.6190000960000001e-02 108
1 1.3466950500000000e-02 2.5246934499999998e-02 1.6096366099999999e-02 2.5246934499999998e-02 108
1 1.3466950500000000e-02 2.7133067399999999e-02 1.6096366099999999e-02 2.7133067399999999e-02 108
0 1.0153877996397515e-02 2.6415532639999999e-02 1.0276050100000000e-02 2.6415532639999999e-02 109
1 1.0151159280573925e-02 2.6990070500000001e-02 1.0271937823315931e-02 2.6990070500000001e-02 109
1 1.0153515400000000e-02 2.5840994799999999e-02 1.0272597860462323e-02 2.5840844454731816e-02 109
0 9.3097781899999996e-03 2.5809778209999999e-02 9.7472550900000003e-03 2.6247255109999999e-02 110
1 8.9035178543480746e-03 2.6216038532607684e-02 9.3409947656519221e-03 2.6653515387392305e-02 110
1 9.7160384999999995e-03 2.5403517899999999e-02 1.0153515400000000e-02 2.5840994799999999e-02 110
0 8.7000003799999996e-03 4.8814972200000001e-02 8.7000003799999996e-03 6.4524991599999998e-02 111
1 8.1983212350536204e-03 4.8814972200000001e-02 8.1983629680540248e-03 6.4516686461444359e-02 111
1 9.2016376999999993e-03 4.8814972200000001e-02 9.2016376999999993e-03 6.4516685808121740e-02 111
0 8.7000003799999996e-03 4.8000000520000009e-02 8.7000003799999996e-03 4.8814972200000001e-02 112
1 8.1983190689707986e-03 4.8000000520000002e-02 8.1983212350536204e-03 4.8814972200000001e-02 112
1 9.2016376999999993e-03 4.8000000520000002e-02 9.2016376999999993e-03 4.8814972200000001e-02 112
0 8.7000003799999996e-03 4.7185028800000001e-02 8.7000003799999996e-03 4.8000000520000009e-02 113
1 8.1983169028878693e-03 4.7185028800000001e-02 8.1983190689707986e-03 4.8000000520000002e-02 113
1 9.2016376999999993e-03 4.7185028800000001e-02 9.2016376999999993e-03 4.8000000520000002e-02 113
0 8.7000003799999996e-03 4.4555951000000003e-02 8.7000003799999996e-03 4.7185028800000001e-02 114
1 8.1983099260418673e-03 4.4560045180566610e-02 8.1983169028878693e-03 4.7185028800000001e-02 114
1 9.2016376999999993e-03 4.4557972088048736e-02 9.2016376999999993e-03 4.7185028800000001e-02 114
0 8.1999988400000001e-03 4.1851577500000001e-02 8.1999988400000001e-03 4.2444047700000001e-02 115
1 7.6983614999999997e-03 4.1851577500000001e-02 7.6983614999999997e-03 4.2439953229511884e-02 115
1 8.7016430618855715e-03 4.1851560204082913e-02 8.7016836346338403e-03 4.2439941184878573e-02 115
0 6.1800003400000001e-03 4.8742702388378800e-02 6.1800003400000001e-03 6.4567246999999994e-02 116
1 5.6783259773038339e-03 4.8742702972265635e-02 5.6783628022629793e-03 6.4562649874411418e-02 116
1 6.6816376000000000e-03 4.8742702388378800e-02 6.6816376000000000e-03 6.4562091639862415e-02 116
0 6.1800003400000001e-03 4.7681634339999994e-02 6.1800003400000001e-03 4.7830865334359700e-02 117
1 5.6783235073974694e-03 4.7681634923890034e-02 5.6783238547706500e-03 4.7830865918249199e-02 117
1 6.6816376000000000e-03 4.7681634340000001e-02 6.6816376000000000e-03 4.7830865334359707e-02 117
0 6.1800003400000001e-03 4.6678317328027706e-02 6.1800003400000001e-03 4.7681634339999994e-02 118
1 5.6783211719213644e-03 4.6678317911921369e-02 5.6783235073974694e-03 4.7681634923890034e-02 118
1 6.6816376000000000e-03 4.6678317328027706e-02 6.6816376000000000e-03 4.7681634340000001e-02 118
0 6.1800003400000001e-03 4.6529089000000003e-02 6.1800003400000001e-03 4.6678317328027706e-02 119
1 5.6783208245543906e-03 4.6529089583892132e-02 5.6783211719213644e-03 4.6678317911921369e-02 119
1 6.6816376000000000e-03 4.6529089000000003e-02 6.6816376000000000e-03 4.6678317328027706e-02 119
0 6.1800003400000001e-03 4.1830950100000000e-02 6.1800003400000001e-03 4.5525769305173637e-02 120
1 5.6783098979681923e-03 4.1835044636852212e-02 5.6783184890720397e-03 4.5525769889071997e-02 120
1 6.6816376000000000e-03 4.1835043804140166e-02 6.6816376000000000e-03 4.5526258698396056e-02 120
0 5.1267232799999968e-03 3.7373278080000003e-02 4.7682784799999963e-03 3.7731722880000006e-02 121
1 4.7204630000000003e-03 3.6967017800000002e-02 4.3620181999999997e-03 3.7325462599999998e-02 121
1 5.5329835593700789e-03 3.7779538364842519e-02 5.1745388006299185e-03 3.8137983175157479e-02 121
0 4.3620181999999997e-03 3.7900000400000002e-02 4.0025314037718668e-03 3.7900000400000002e-02 122
1 4.3620181999999997e-03 3.7325462599999998e-02 4.0025314037718676e-03 3.7325462599999998e-02 122
1 4.3620181999999997e-03 3.8474538199999998e-02 4.0025314037718676e-03 3.8474538199999998e-02 122
0 3.9499996999999998e-03 3.7900000400000002e-02 4.0025314037718668e-03 3.7900000400000002e-02 123
1 3.9499997000000007e-03 3.8474538199999998e-02 4.0025314037718676e-03 3.8474538199999998e-02 123
1 3.9499996999999998e-03 3.7325462599999998e-02 4.0025314037718676e-03 3.7325462599999998e-02 123
0 3.9499996999999998e-03 3.7900000400000002e-02 3.6500016000000001e-03 3.7900000400000002e-02 124
1 3.9499996999999998e-03 3.7325462599999998e-02 3.6500016000000001e-03 3.7325462599999998e-02 124
1 3.9499997000000007e-03 3.8474538199999998e-02 3.6500016000000001e-03 3.8474538199999998e-02 124
0 4.3100000159999999e-02 5.7388288717372601e-02 4.3100000159999999e-02 5.6528782104818751e-02 125
1 4.4043066600000000e-02 5.7388288717372601e-02 4.4043066600000000e-02 5.6528782104818757e-02 125
0 4.3084996380000011e-02 6.4515004320000000e-02 4.3084996380000011e-02 6.4124372600000007e-02 126
1 4.4028062799999997e-02 6.4515004299999998e-02 4.4028062799999997e-02 6.4124372583814662e-02 126
1 4.3737202325736711e-02 5.9144556400558636e-02 4.3735119500000003e-02 5.8909579900000002e-02 127
1 4.4043066600000000e-02 5.9141845100000000e-02 4.4043066600000000e-02 5.8908184021645930e-02 127
1 4.3735119500000003e-02 5.8909579900000002e-02 4.3735000199999999e-02 5.8699999400000001e-02 128
1 4.4043066600000000e-02 5.8908184021645930e-02 4.4043066600000000e-02 5.8699911686835214e-02 128
1 4.3719996400000002e-02 6.2466951499999999e-02 4.3722254423894186e-02 6.2360550848633706e-02 129
1 4.4028062799999997e-02 6.2466951499999993e-02 4.4028062799999997e-02 6.2367040600000000e-02 129
0 4.3100000159999999e-02 5.6319291400123671e-02 4.3100000159999999e-02 5.6331135232899669e-02 130
1 4.4043066600000000e-02 5.6319291400123678e-02 4.4043066600000000e-02 5.6331135232899676e-02 130
0 4.3100000159999999e-02 4.4300000300000003e-02 4.3100000159999999e-02 4.4690632000000001e-02 131
1 4.4043066600000000e-02 4.4300020599999997e-02 4.4043066600000000e-02 4.4690651626953189e-02 131
1 4.2141929900000000e-02 6.1200000800000001e-02 4.2141929900000000e-02 6.2466951499999993e-02 132
1 4.2453039499999998e-02 6.1200000800000001e-02 4.2449996400000002e-02 6.2466951499999999e-02 132
0 4.2808779005937977e-02 6.4791221694062026e-02 4.3084996380000011e-02 6.4515004320000000e-02 133
1 4.3475628027582126e-02 6.5458070772417887e-02 4.3751845400000003e-02 6.5181853400000003e-02 133
0 4.2823782784731056e-02 4.4023782924731060e-02 4.3100000159999999e-02 4.4300000300000003e-02 134
1 4.3490631854731052e-02 4.3356933854731050e-02 4.3766849199999999e-02 4.3633151199999998e-02 134
0 3.9725000560000001e-02 6.7875000140000002e-02 4.0001217955937973e-02 6.7598782744062030e-02 135
1 4.0391849600000002e-02 6.8541849200000005e-02 4.0668066994293817e-02 6.8265631805706189e-02 135
0 4.1700000420000001e-02 5.7299999700000000e-02 4.1362426799999998e-02 5.7299999700000000e-02 136
1 4.1700000399999999e-02 5.6485028000000000e-02 4.1362426790002176e-02 5.6485028000000000e-02 136
0 3.9300000139999999e-02 4.0500000280000004e-02 3.9280438778908904e-02 4.0490219599454452e-02 137
1 3.9691188322673002e-02 3.9650000700000000e-02 3.9670443455541590e-02 3.9641407796750051e-02 137
0 3.9383150933551214e-02 4.0583151073551219e-02 3.9526217631521171e-02 4.0726217771521175e-02 138
1 3.8716301897640297e-02 4.1250000100000003e-02 3.8859368593580301e-02 4.1393066800000003e-02 138
0 3.9300000139999999e-02 4.0500000280000004e-02 3.9383150933551214e-02 4.0583151073551219e-02 139
1 3.8633151099999999e-02 4.1166849300000002e-02 3.8716301897640297e-02 4.1250000100000003e-02 139
1 3.5792298667146116e-02 5.5509200608759308e-02 3.5837952200000002e-02 5.5507999199999998e-02 140
1 3.5800344999999997e-02 5.5814970899999997e-02 3.5837952200000009e-02 5.5814970899999997e-02 140
1 3.5837952200000002e-02 5.4491999200000002e-02 3.5792298629262510e-02 5.4490797790243753e-02 141
1 3.5837952200000009e-02 5.4185027500000003e-02 3.5800344999999997e-02 5.4185027500000003e-02 141
1 3.3351203305844575e-02 5.2282701622093829e-02 3.3350001900000002e-02 5.2237048199999997e-02 142
1 3.3656973600000001e-02 5.2274655400000002e-02 3.3656973600000001e-02 5.2237048199999997e-02 142
1 3.3350001900000002e-02 5.1712949699999997e-02 3.3346960400000000e-02 5.0699998900000001e-02 143
1 3.3656973600000001e-02 5.1712949699999990e-02 3.3656973600000001e-02 5.0699998900000001e-02 143
1 3.2027030200000001e-02 5.2274774800000000e-02 3.2027030200000001e-02 5.2237048199999997e-02 144
1 3.2332802997664917e-02 5.2282789272941915e-02 3.2334001899999999e-02 5.2237048199999997e-02 144
1 3.2027030200000001e-02 5.1712949699999997e-02 3.2027030200000001e-02 5.1681997200000003e-02 145
1 3.2334001899999999e-02 5.1712949699999997e-02 3.2332762416793663e-02 5.1672605001455124e-02 145
0 3.9334368900000000e-02 6.7875000140000002e-02 3.9725000560000001e-02 6.7875000140000002e-02 146
1 3.9334368900000000e-02 6.8818066600000005e-02 3.9725000599999997e-02 6.8818066600000005e-02 146
0 2.5174999199999999e-02 6.7875000140000002e-02 2.5474998599999996e-02 6.7875000140000002e-02 147
1 2.5174999199999996e-02 6.8818066600000005e-02 2.5474998599999993e-02 6.8818066600000005e-02 147
1 2.6309162500000000e-02 4.3573786400000002e-02 2.6308004300000000e-02 4.3392694500000002e-02 148
1 2.6615003900000000e-02 4.3566999500000002e-02 2.6615001662922737e-02 4.3392689270215952e-02 148
0 2.5800004280000000e-02 3.9050003180000001e-02 2.5561305249999999e-02 3.8811304149999996e-02 149
1 2.6376276899999999e-02 3.8473730499999997e-02 2.6138448836351660e-02 3.8235902436351658e-02 149
0 2.5800004280000000e-02 3.9050003180000001e-02 2.5800004280000000e-02 3.9387576799999997e-02 150
1 2.6614975999999999e-02 3.9050023500000003e-02 2.6614975999999999e-02 3.9387576799999997e-02 150
1 2.5137193830652063e-02 6.4710562686038503e-02 2.5134999299999999e-02 6.4283048999999995e-02 151
1 2.5443065700000000e-02 6.4708991699999996e-02 2.5443065700000000e-02 6.4283048999999995e-02 151
1 2.4985032599999998e-02 4.3392694499999995e-02 2.4985032599999998e-02 4.3562694200000002e-02 152
1 2.5292004300000000e-02 4.3392694500000002e-02 2.5290910689771091e-02 4.3563672618114613e-02 152
0 2.4800001200000001e-02 3.8000000200000002e-02 2.4800001200000001e-02 3.8050000100000002e-02 153
1 2.3850003099999999e-02 3.8000000200000002e-02 2.3850003099999999e-02 3.8050000100000002e-02 153
1 2.3556932799999999e-02 6.4283048999999995e-02 2.3556932799999999e-02 6.4353856599999995e-02 154
1 2.3864999299999998e-02 6.4283048999999995e-02 2.3862680237955420e-02 6.4362752453710287e-02 154
0 2.3524999899999999e-02 6.7875000140000002e-02 2.3824999300000000e-02 6.7875000140000002e-02 155
1 2.3524999900000003e-02 6.8818066600000005e-02 2.3824999300000003e-02 6.8818066600000005e-02 155
0 2.0605003239999999e-02 6.7875000140000002e-02 2.0995634900000001e-02 6.7875000140000002e-02 156
1 2.0605003199999999e-02 6.8818066600000005e-02 2.0995634900000004e-02 6.8818066600000005e-02 156
1 2.0858093899999996e-02 2.6450000400000000e-02 2.1875000700000001e-02 2.6450000400000000e-02 157
1 2.0858093899999999e-02 2.6749999800000000e-02 2.1875000700000001e-02 2.6749999800000000e-02 157
1 2.0526980316436419e-02 2.6764538800000001e-02 2.0785000299999998e-02 2.6764538800000001e-02 158
1 2.0525000900000000e-02 2.6450000400000000e-02 2.0785000299999998e-02 2.6450000400000000e-02 158
1 2.0002975042978193e-02 2.6764538800000001e-02 2.0526980316436419e-02 2.6764538800000001e-02 159
1 2.0001049699999999e-02 2.6453500599999999e-02 2.0525000900000000e-02 2.6446990199999999e-02 159
1 2.0076777200000000e-02 6.6448749500000001e-02 1.9927422699999999e-02 6.6295991400000004e-02 160
1 2.0294705817818032e-02 6.6230880109250004e-02 2.0151763100000001e-02 6.6087911999999999e-02 160
1 2.0097124212355419e-02 2.5615463099999999e-02 1.9996939849771647e-02 2.5615463099999999e-02 161
1 2.0101179000000000e-02 2.5923867400000002e-02 2.0001049699999999e-02 2.5926501400000000e-02 161
1 1.9741299100000002e-02 2.6456134499999999e-02 1.9830468300000001e-02 2.6453500599999999e-02 162
1 1.9745853215749131e-02 2.6764538800000001e-02 1.9835094156006369e-02 2.6764538800000001e-02 162
1 1.9830468300000001e-02 2.5926501400000000e-02 1.9741299100000002e-02 2.5923867400000002e-02 163
1 1.9835084798115122e-02 2.5615463099999999e-02 1.9745852348111326e-02 2.5615463099999999e-02 163
0 2.0328756239432685e-02 6.7598753139432685e-02 2.0605003239999999e-02 6.7875000140000002e-02 164
1 1.9661907187652958e-02 6.8265602214832022e-02 1.9938154199999999e-02 6.8541849200000005e-02 164
1 1.9130127149362502e-02 6.7301526794309730e-02 1.9178752600000001e-02 6.7346774100000006e-02 165
1 1.8921757899999999e-02 6.7525452999999999e-02 1.8960915818328601e-02 6.7564610914475978e-02 165
1 4.5091604000000000e-03 4.3573786400000002e-02 4.5080021999999997e-03 4.3392694500000002e-02 166
1 4.8150017999999996e-03 4.3566999500000002e-02 4.8150007233604365e-03 4.3392691983014098e-02 166
0 4.0000021600000001e-03 3.9050000639999999e-02 3.7613031449475823e-03 3.8811301638587502e-02 167
1 4.5768964927930403e-03 3.8474538199999998e-02 4.3377746957644122e-03 3.8235344499298232e-02 167
0 4.0000021600000001e-03 3.9050000639999999e-02 4.0000021600000001e-03 3.9387574299999999e-02 168
1 4.8149739000000000e-03 3.9050000600000002e-02 4.8149759850649333e-03 3.9387571783088986e-02 168
1 3.1850304999999999e-03 4.3392694500000002e-02 3.1850304999999999e-03 4.3562694200000002e-02 169
1 3.4920022000000002e-03 4.3392694500000002e-02 3.4909085897196243e-03 4.3563672626161433e-02 169
0 3.8859368593580301e-02 4.0450000379999997e-02 3.9200000340000006e-02 4.0450000379999997e-02 170
1 3.8859368593580301e-02 4.1393066800000003e-02 3.9200000300000003e-02 4.1393066800000003e-02 170
0 1.3849998969999999e-02 4.0449999110000003e-02 1.4087215735932542e-02 4.0449999192538402e-02 171
1 1.3850000200000000e-02 4.1393066800000003e-02 1.4087215571864688e-02 4.1393066800000003e-02 171
0 1.3800000340000000e-02 4.0400000480000003e-02 1.3849998969999999e-02 4.0449999110000003e-02 172
1 1.3133151300000000e-02 4.1066849500000002e-02 1.3183151200000000e-02 4.1116849400000002e-02 172
0 2.9623315869235674e-02 4.8000000520000002e-02 2.9816940656970055e-02 4.8000000520000002e-02 173
1 2.9623317962833799e-02 4.8814972200000001e-02 2.9816940656970055e-02 4.8814972200000001e-02 173
0 2.9413216475857800e-02 4.8000000520000002e-02 2.9623315869235674e-02 4.8000000520000002e-02 174
1 2.9413216475857797e-02 4.8814972200000001e-02 2.9623317962833799e-02 4.8814972200000001e-02 174
0 2.7458323878668041e-02 4.8000000520000002e-02 2.7678795344142200e-02 4.8000000520000002e-02 175
1 2.7458325779659402e-02 4.8814972200000001e-02 2.7678795344142196e-02 4.8814972200000001e-02 175
0 2.7458320749072184e-02 4.6658315369072188e-02 2.7573584679999999e-02 4.6773579300000000e-02 176
1 2.8034593409072182e-02 4.6082042709072180e-02 2.8149857340000001e-02 4.6197306639999998e-02 176
0 2.7210107274951510e-02 4.6410101894951511e-02 2.7221265139085279e-02 4.6421259759085280e-02 177
1 2.6633834634951510e-02 4.6986374534951504e-02 2.6644992499085276e-02 4.6997532399085273e-02 177
1 2.7166933200000000e-02 4.5648506599999999e-02 2.7115677881770599e-02 4.5595651086857807e-02 178
1 2.7383995249999998e-02 4.5431444549999998e-02 2.7335264099999999e-02 4.5382713399999997e-02 178
1 2.7115677881770599e-02 4.5595651086857807e-02 2.7060854327191183e-02 4.5539115936756795e-02 179
1 2.7335264099999999e-02 4.5382713399999997e-02 2.7280440699999998e-02 4.5326178100000003e-02 179
0 2.6882045400655002e-02 4.6082040020655003e-02 2.7210107274951510e-02 4.6410101894951511e-02 180
1 2.6305772760655006e-02 4.6658312660655003e-02 2.6633834634951510e-02 4.6986374534951504e-02 180
1 2.6395656537404555e-02 4.6315672574613026e-02 2.6448512000000000e-02 4.6366927799999999e-02 181
1 2.6182718800000001e-02 4.6535258699999998e-02 2.6231449950000003e-02 4.6583989850000000e-02 181
0 2.6753402371349683e-02 4.8000000520000002e-02 2.7458323878668041e-02 4.8000000520000002e-02 182
1 2.6753402371349683e-02 4.8814972200000001e-02 2.7458325779659402e-02 4.8814972200000001e-02 182
0 7.0000037800000015e-03 4.8000000520000002e-02 7.3375773999999998e-03 4.8000000520000002e-02 183
1 7.0000037999999997e-03 4.8814972200000001e-02 7.3375780245662206e-03 4.8814972200000001e-02 183
0 6.6816376000000000e-03 4.7681634340000001e-02 6.7613047300000024e-03 4.7761301470000003e-02 184
1 7.2579102700000026e-03 4.7105361670000005e-02 7.3375773999999998e-03 4.7185028800000001e-02 184
0 5.6783211719213644e-03 4.6678317911921369e-02 6.1053649299999974e-03 4.7105361669999998e-02 185
1 6.2545938419213808e-03 4.6102045241921366e-02 6.6816376000000000e-03 4.6529089000000003e-02 185
0 6.2545965235685872e-03 4.7254593263568588e-02 6.6816376000000000e-03 4.7681634340000001e-02 186
1 5.6783238547706500e-03 4.7830865918249199e-02 6.1053649207405596e-03 4.8257907005142112e-02 186
1 5.3669310999999997e-03 4.5648506599999999e-02 5.3156757817706003e-03 4.5595651086857807e-02 187
1 5.5839931499999749e-03 4.5431444549999957e-02 5.5352620000000000e-03 4.5382713399999997e-02 187
1 5.3156757817706003e-03 4.5595651086857807e-02 5.2608522271911824e-03 4.5539115936756795e-02 188
1 5.5352620000000000e-03 4.5382713399999997e-02 5.4804386000000000e-03 4.5326178100000003e-02 188
0 5.6037276699999802e-03 4.6603724409999985e-02 5.6783211719213644e-03 4.6678317911921369e-02 189
1 5.0274550171467780e-03 4.7179997048735864e-02 5.1020485172407993e-03 4.7254590552484613e-02 189
0 5.1020458190720553e-03 4.6102042559072055e-02 5.6037276699999802e-03 4.6603724409999985e-02 190
1 4.5257731785088625e-03 4.6678315185517939e-02 5.0274550171467780e-03 4.7179997048735864e-02 190
1 4.5956544374045486e-03 4.6315672574613019e-02 4.6485099000000002e-03 4.6366927799999999e-02 191
1 4.3827166999999998e-03 4.6535258699999998e-02 4.4314478417475526e-03 4.6583989844135143e-02 191
1 4.0649999999999999e-02 2.1675001100000001e-02 4.0649999999999999e-02 2.0325001299999999e-02 192
1 4.0958066400000000e-02 2.1675001100000004e-02 4.0958066400000000e-02 2.0325001299999999e-02 192
1 4.0649998700000002e-02 2.3682726300000005e-02 4.0649998700000002e-02 2.3046293799999999e-02 193
1 4.0949996799999999e-02 2.3682726300000002e-02 4.0949996799999999e-02 2.3046293799999999e-02 193
1 4.0649998700000002e-02 2.2984998499999999e-02 4.0649998700000002e-02 2.2299999899999999e-02 194
1 4.0958066400000000e-02 2.2984998499999999e-02 4.0958066400000000e-02 2.2300758644737732e-02 194
1 4.0646956700000000e-02 2.2299999899999999e-02 4.0649999999999999e-02 2.1675001100000001e-02 195
1 4.0958066400000000e-02 2.2300758644737732e-02 4.0958066400000000e-02 2.1675001100000004e-02 195
0 4.0014999980000000e-02 1.9723950899999999e-02 4.0014999980000000e-02 2.0325001299999999e-02 196
1 4.0958066400000000e-02 1.9723950899999999e-02 4.0958066400000000e-02 2.0325001299999999e-02 196
0 3.9356050320000002e-02 1.9065001240000001e-02 4.0014999980000000e-02 1.9723950899999999e-02 197
1 4.0022899399999999e-02 1.8398152200000000e-02 4.0681848999999999e-02 1.9057101800000000e-02 197
0 3.8900000900000002e-02 1.9065001240000001e-02 3.9356050320000002e-02 1.9065001240000001e-02 198
1 3.8900000900000002e-02 1.8000002099999999e-02 3.9356050320000002e-02 1.8000002099999999e-02 198
1 3.7827292899999997e-02 2.7133067399999999e-02 3.7796365899999997e-02 2.7133067399999999e-02 199
1 3.7844233077024531e-02 2.6827650945056042e-02 3.7796365899999997e-02 2.6825001000000001e-02 199
0 3.6050001599999999e-02 1.9000000100000001e-02 3.6479542032606081e-02 1.9000000100000001e-02 200
1 3.6050001599999999e-02 1.8000002099999999e-02 3.6479542032606081e-02 1.8000002099999999e-02 200
1 3.8033873749791947e-02 2.5246934499999998e-02 3.8090490200000000e-02 2.5246934499999998e-02 201
1 3.8037899500000000e-02 2.5554228799999999e-02 3.8098170616817986e-02 2.5552714987464004e-02 201
1 3.7796365899999990e-02 2.5246934499999998e-02 3.8033873749791947e-02 2.5246934499999998e-02 202
1 3.7796365899999997e-02 2.5555001000000001e-02 3.8037899500000000e-02 2.5554228799999999e-02 202
0 3.5799999520000000e-02 1.9000000100000001e-02 3.6050001599999999e-02 1.9000000100000001e-02 203
1 3.5799999520000000e-02 1.8056933700000000e-02 3.6050001599999999e-02 1.8056933700000000e-02 203
0 3.5549997500000007e-02 1.9000000100000001e-02 3.5799999520000000e-02 1.9000000100000001e-02 204
1 3.5549997500000000e-02 1.8056933700000000e-02 3.5799999520000000e-02 1.8056933700000000e-02 204
0 3.6074997700000000e-02 1.9700000000000002e-02 3.6074997700000000e-02 1.9274998280000004e-02 205
1 3.5249999400000002e-02 1.9699999999999999e-02 3.5249999400000002e-02 1.9274998280000004e-02 205
1 3.5266949999999998e-02 2.6825001000000001e-02 3.5162442486740907e-02 2.6827261662523659e-02 206
1 3.5266949999999998e-02 2.7133067399999999e-02 3.5169058400000001e-02 2.7133067399999999e-02 206
0 3.6074997700000000e-02 2.0365001200000000e-02 3.6074997700000000e-02 1.9999998099999999e-02 207
1 3.5131931300000002e-02 2.0365001200000000e-02 3.5131931300000002e-02 1.9999998099999999e-02 207
0 3.5249999400000002e-02 1.9000000100000001e-02 3.5549997500000007e-02 1.9000000100000001e-02 208
1 3.5249999400000002e-02 1.8000002099999999e-02 3.5549997500000000e-02 1.8000002099999999e-02 208
1 3.5249999400000002e-02 1.8300000199999999e-02 3.4643689900000003e-02 1.8300000199999999e-02 209
1 3.5249999400000002e-02 1.8000002099999999e-02 3.4643689900000003e-02 1.8000002099999999e-02 209
1 3.4335918100000001e-02 1.7992008699999999e-02 3.4333997900000003e-02 1.7919049800000000e-02 210
1 3.4643684429736220e-02 1.7987891233620518e-02 3.4643651461486659e-02 1.7914901322862539e-02 210
0 3.4141999280000002e-02 1.7881998780000002e-02 3.4141999280000002e-02 1.7919049800000000e-02 211
1 3.4643636600000000e-02 1.7881998800000000e-02 3.4643651461486659e-02 1.7914901322862539e-02 211
0 3.3995073000000001e-02 1.7735072500000001e-02 3.3960000700000000e-02 1.7700000200000000e-02 212
1 3.3640362000000000e-02 1.8089783500000001e-02 3.3605289699999992e-02 1.8054711199999997e-02 212
1 3.2126687100000002e-02 1.6140930400000000e-02 3.2144698292667376e-02 1.6157948065500374e-02 213
1 3.2399813784844814e-02 1.5867343826189019e-02 3.2416859200000002e-02 1.5885330199999999e-02 213
1 3.1636502599999998e-02 2.6063856900000001e-02 3.1712575600000001e-02 2.6134659399999999e-02 214
1 3.1852461373862495e-02 2.5839940973862496e-02 3.1927060899999998e-02 2.5914540500000000e-02 214
0 3.1149369089341572e-02 2.5949369329341575e-02 3.1263856659999999e-02 2.6063856900000001e-02 215
1 3.1555629409341569e-02 2.5543109009341571e-02 3.1670116979999996e-02 2.5657596579999997e-02 215
0 3.0124998910795640e-02 4.7825948339787275e-02 3.0124998953395460e-02 4.7461619119384749e-02 216
1 3.0626634199999999e-02 4.7825948362851187e-02 3.0626634199999999e-02 4.7461619129338037e-02 216
0 3.0124998985736260e-02 4.7185028800000001e-02 3.0124998989805290e-02 4.7150228979599654e-02 217
1 3.0626634199999999e-02 4.7185028800000001e-02 3.0626634199999999e-02 4.7150279328847015e-02 217
1 3.0316998000000001e-02 4.4355951400000003e-02 3.0318915700000001e-02 4.4282992500000000e-02 218
1 3.0626634199999999e-02 4.4360044579682463e-02 3.0626634199999999e-02 4.4287036507515358e-02 218
1 3.0193919800000000e-02 4.2317007099999998e-02 3.0191999600000002e-02 4.2244048100000001e-02 219
1 3.0501690481198319e-02 4.2312943357666104e-02 3.0501683707011073e-02 4.2239939657494549e-02 219
1 3.0191999600000002e-02 4.1830950100000000e-02 3.0193919800000000e-02 4.1757991199999997e-02 220
1 3.0501646134444119e-02 4.1835029619917342e-02 3.0501639360240519e-02 4.1762025743497792e-02 220
0 3.0000000959999999e-02 4.1830950100000000e-02 3.0000000959999999e-02 4.1851577500000001e-02 221
1 3.0501646134444119e-02 4.1835029619917342e-02 3.0501647667801623e-02 4.1851554225373386e-02 221
1 2.9907925143490641e-02 3.6630618802255197e-02 2.9924432390225641e-02 3.6370563449428836e-02 222
1 3.0234999200000001e-02 3.6649997800000000e-02 3.0234999200000001e-02 3.6380422500000002e-02 222
1 2.9904276050578764e-02 3.6688106653495860e-02 2.9907925143490641e-02 3.6630618802255197e-02 223
1 3.0209538300000002e-02 3.6707485599999999e-02 3.0213188200000001e-02 3.6649997800000000e-02 223
1 2.9898835299999999e-02 3.6773820300000003e-02 2.9904276050578764e-02 3.6688106653495860e-02 224
1 3.0209538300000002e-02 3.6784297777993392e-02 3.0209538300000002e-02 3.6707485599999999e-02 224
1 2.9901857428967515e-02 2.3337642846121678e-02 2.9898500000000001e-02 2.3126052300000002e-02 225
1 3.0209538300000002e-02 2.3335188300000000e-02 3.0209538300000002e-02 2.3123552246986152e-02 225
1 2.9901133999999999e-02 3.8126177200000000e-02 2.9898500000000001e-02 3.8026047899999998e-02 226
1 3.0209538300000002e-02 3.8122121285855584e-02 3.0209538300000002e-02 3.8021927221667917e-02 226
1 2.9898500000000001e-02 2.1473949900000001e-02 2.9901133999999999e-02 2.1373820599999999e-02 227
1 3.0209538300000002e-02 2.1478071898303645e-02 3.0209538300000002e-02 2.1377876651467419e-02 227
1 2.9898500000000001e-02 3.6873949599999997e-02 2.9898835299999999e-02 3.6773820300000003e-02 228
1 3.0209538300000002e-02 3.6874470845793657e-02 3.0209538300000002e-02 3.6784297777993392e-02 228
0 2.9635000420000002e-02 3.6873949599999997e-02 2.9635000420000002e-02 3.8026047899999998e-02 229
1 3.0209538300000002e-02 3.6874470845793657e-02 3.0209538300000002e-02 3.8021927221667917e-02 229
0 2.9635000420000002e-02 2.1473949900000001e-02 2.9635000420000002e-02 2.3126052300000002e-02 230
1 3.0209538300000002e-02 2.1478071898303645e-02 3.0209538300000002e-02 2.3123552246986152e-02 230
0 3.0124996943614448e-02 6.4650000170672600e-02 3.0124996936196288e-02 6.4713442973719740e-02 231
1 2.9623358641776634e-02 6.4650000785680367e-02 2.9623358804756205e-02 6.4713443588727299e-02 231
1 2.9623306330925948e-02 4.4287037596130743e-02 2.9623306518477895e-02 4.4360045649299615e-02 232
1 2.9931078100000001e-02 4.4282992500000000e-02 2.9932995800000001e-02 4.4355951400000003e-02 232
1 2.9498363699999999e-02 4.2239955420471341e-02 2.9498363699999999e-02 4.2312958202735264e-02 233
1 2.9808002399999999e-02 4.2244048100000001e-02 2.9806082099999999e-02 4.2317007099999998e-02 233
1 3.2172122744213820e-02 2.7274540307465237e-02 3.2071925075587766e-02 2.7274540346398278e-02 234
1 3.2176178999999999e-02 2.6966136100000000e-02 3.2076049600000003e-02 2.6963502100000002e-02 234
0 2.7959999959999999e-02 4.8000000520000002e-02 2.7959999959999999e-02 4.7900108243874362e-02 235
1 2.8461637299999999e-02 4.8000000520000002e-02 2.8461637299999999e-02 4.7900108243874362e-02 235
0 2.7959999959999999e-02 4.6007449260000000e-02 2.7959999959999999e-02 4.5505766775544784e-02 236
1 2.8461637299999999e-02 4.6007449260000000e-02 2.8461637299999999e-02 4.5506259161219254e-02 236
0 3.0838433359179868e-02 2.6700002479999999e-02 3.1318429805857799e-02 2.6700002479999999e-02 237
1 3.0838433470801879e-02 2.7274540825686668e-02 3.1318429917479775e-02 2.7274540639178124e-02 237
0 3.0412575699999996e-02 2.6700002479999999e-02 3.0741886017977244e-02 2.6700002479999999e-02 238
1 3.0412575811622041e-02 2.7274540991158919e-02 3.0741886129599258e-02 2.7274540863201330e-02 238
0 2.5574998400000000e-02 2.6700002479999999e-02 2.5737982599999997e-02 2.6700002479999999e-02 239
1 2.5574998511622375e-02 2.7274542870859297e-02 2.5737982711622368e-02 2.7274542807529775e-02 239
1 2.8154579745856601e-02 6.4644175999999998e-02 2.8151998599999999e-02 6.4567246999999994e-02 240
1 2.8461637299999999e-02 6.4643045699999999e-02 2.8461637299999999e-02 6.4562009595387035e-02 240
1 2.8151998599999999e-02 4.1830950100000000e-02 2.8153918800000000e-02 4.1757991199999997e-02 241
1 2.8461637299999999e-02 4.1835049203356289e-02 2.8461637299999999e-02 4.1762040529432741e-02 241
1 2.8101165500000001e-02 2.3226181600000000e-02 2.8100457161151154e-02 2.3237340778281809e-02 242
1 2.7790462599999999e-02 2.3215654711346092e-02 2.7790462599999999e-02 2.3225661397829989e-02 242
0 2.7959999959999999e-02 4.8000000520000002e-02 2.7959999959999999e-02 4.8127409184220413e-02 243
1 2.8461637299999999e-02 4.8000000520000002e-02 2.8461637299999999e-02 4.8127409184220413e-02 243
1 2.7790462599999999e-02 3.8021927365461471e-02 2.7790462599999999e-02 3.8122121301993529e-02 244
1 2.8101500799999998e-02 3.8026047899999998e-02 2.8098866800000000e-02 3.8126177200000000e-02 244
0 2.8365000420000001e-02 3.7105002841427738e-02 2.8365000420000001e-02 3.8026047899999998e-02 245
1 2.7790462599999999e-02 3.7105002841427738e-02 2.7790462599999999e-02 3.8021927365461471e-02 245
1 2.7790462599999999e-02 3.6749568400000002e-02 2.7790462599999999e-02 3.6775392041412398e-02 246
1 2.8099487931345115e-02 3.6747095396358190e-02 2.8099897606901885e-02 3.6772913805512439e-02 246
1 2.7790462599999999e-02 2.3292516300000000e-02 2.7790462599999999e-02 2.3225661397829989e-02 247
1 2.8095724733037300e-02 2.3311895504616906e-02 2.8100457161151154e-02 2.3237340778281809e-02 247
1 2.7790462599999999e-02 2.3215654711346092e-02 2.7790462599999999e-02 2.3125531030295382e-02 248
1 2.8101199008735270e-02 2.3216175020201867e-02 2.8101500799999998e-02 2.3126052300000002e-02 248
0 2.8365000420000001e-02 2.3126052300000002e-02 2.8365000420000001e-02 2.1473949900000001e-02 249
1 2.7790462599999999e-02 2.3125531030295382e-02 2.7790462599999999e-02 2.1478071818709685e-02 249
1 2.7790462599999999e-02 2.1478071818709685e-02 2.7790462599999999e-02 2.1377876642008461e-02 250
1 2.8101500799999998e-02 2.1473949900000001e-02 2.8098866800000000e-02 2.1373820599999999e-02 250
1 2.7786812599999999e-02 2.3350004099999998e-02 2.7790462599999999e-02 2.3292516300000000e-02 251
1 2.8092075639723955e-02 2.3369383362182288e-02 2.8095724733037300e-02 2.3311895504616906e-02 251
1 2.7765001599999999e-02 2.3619579400000000e-02 2.7765001599999999e-02 2.3350004099999998e-02 252
1 2.8075568409774359e-02 2.3629438450571166e-02 2.8092075639723955e-02 2.3369383362182288e-02 252
1 2.7458362510976671e-02 6.4562009742611504e-02 2.7458362699999999e-02 6.4643045699999999e-02 253
1 2.7768001399999999e-02 6.4567246999999994e-02 2.7765420154143301e-02 6.4644175999999998e-02 253
0 2.7959999959999999e-02 4.8127409184220413e-02 2.7959999959999999e-02 4.8354691880905604e-02 254
1 2.7458324175861047e-02 4.8127409769321151e-02 2.7458324706017435e-02 4.8354692466005780e-02 254
0 2.7959999959999999e-02 4.6773579300000000e-02 2.7959999959999999e-02 4.6928463077516393e-02 255
1 2.7458321017935199e-02 4.6773579300000000e-02 2.7458321379216281e-02 4.6928463662620545e-02 255
0 2.7959999959999999e-02 4.6007449260000000e-02 2.7959999959999999e-02 4.6509086599999999e-02 256
1 2.7458319230872469e-02 4.6007449845106144e-02 2.7458320400984632e-02 4.6509087185105054e-02 256
1 2.7458309328093608e-02 4.1762041775017480e-02 2.7458309498392144e-02 4.1835050249792997e-02 257
1 2.7766081099999999e-02 4.1757991199999997e-02 2.7768001399999999e-02 4.1830950100000000e-02 257
0 2.6926722890000001e-02 3.7273280790000002e-02 2.7095000420000001e-02 3.7105003259999998e-02 258
1 2.7332983199999994e-02 3.7679541099999998e-02 2.7501260699999999e-02 3.7511263599999997e-02 258
0 2.6200003480000001e-02 3.8000000200000002e-02 2.6368280990000003e-02 3.7831722690000000e-02 259
1 2.6606263799999998e-02 3.8406260499999997e-02 2.6774541299999999e-02 3.8237982999999996e-02 259
0 2.5962020700000001e-02 3.8000000200000002e-02 2.6200003480000001e-02 3.8000000200000002e-02 260
1 2.5962020703998841e-02 3.8574537999999998e-02 2.6200003499999999e-02 3.8574537999999998e-02 260
0 2.5500002340000001e-02 2.6700002479999999e-02 2.5574998400000000e-02 2.6700002479999999e-02 261
1 2.5500002300000001e-02 2.7274542900000000e-02 2.5574998511622375e-02 2.7274542870859297e-02 261
1 2.5295354499999999e-02 3.7736335500000003e-02 2.5340947499999999e-02 3.7736500600000000e-02 262
1 2.5305656013888747e-02 3.7425462399999998e-02 2.5341510875893491e-02 3.7425462399999998e-02 262
1 2.5340947499999999e-02 3.8263499800000003e-02 2.5322668539735502e-02 3.8263719897088627e-02 263
1 2.5342827766605056e-02 3.8574537999999998e-02 2.5324539099999998e-02 3.8574537999999998e-02 263
1 2.5236705900000000e-02 2.6063826500000001e-02 2.5268826800000001e-02 2.6096183500000002e-02 264
1 2.5463731019712554e-02 2.5851211019918587e-02 2.5489168227101577e-02 2.5876648412791230e-02 264
1 2.5208198545643261e-02 3.7730702210571697e-02 2.5295354499999999e-02 3.7736335500000003e-02 265
1 2.5227920099999999e-02 3.7425462399999998e-02 2.5305656013888747e-02 3.7425462399999998e-02 265
1 2.5182242327643111e-02 3.7729024541047700e-02 2.5208198545643261e-02 3.7730702210571697e-02 266
1 2.5201963800000001e-02 3.7423786000000001e-02 2.5227920099999999e-02 3.7425462399999998e-02 266
1 2.5217544200000001e-02 3.8264985699999997e-02 2.5196571559586583e-02 3.8266107712903639e-02 267
1 2.5225877594190448e-02 3.8574537999999998e-02 2.5204869599999999e-02 3.8574537999999998e-02 267
1 2.5179061769420540e-02 2.5998216596891721e-02 2.5236705900000000e-02 2.6063826500000001e-02 268
1 2.5408846799999999e-02 2.5796326400000000e-02 2.5463731019712554e-02 2.5851211019918587e-02 268
1 2.5161889217611793e-02 2.5978670990965010e-02 2.5179061769420540e-02 2.5998216596891721e-02 269
1 2.5391673900000002e-02 2.5776781100000000e-02 2.5408846799999999e-02 2.5796326400000000e-02 269
0 2.5500002340000001e-02 2.6700002479999999e-02 2.5331722789410867e-02 2.6531722929410865e-02 270
1 2.5093737000000001e-02 2.7106255199999998e-02 2.4925461696751385e-02 2.6937979896751386e-02 270
1 2.4677571729125738e-02 2.6690089929125738e-02 2.4658515446685004e-02 2.6671033646685004e-02 271
1 2.4896183400000001e-02 2.6468826899999999e-02 2.4876897613206800e-02 2.6450000400000000e-02 271
1 2.4658515446685004e-02 2.6671033646685004e-02 2.4594894031463782e-02 2.6607412231463783e-02 272
1 2.4876897613206800e-02 2.6450000400000000e-02 2.4807872700000001e-02 2.6382619300000000e-02 272
1 2.4594894031463782e-02 2.6607412231463783e-02 2.4580024499999999e-02 2.6592542699999999e-02 273
1 2.4807872700000001e-02 2.6382619300000000e-02 2.4792240348300357e-02 2.6368574337141432e-02 273
1 1.8950000200000001e-02 2.1675001100000001e-02 1.8950000200000001e-02 2.1311359500000002e-02 274
1 1.9258066599999998e-02 2.1675001100000004e-02 1.9258066599999998e-02 2.1311359500000002e-02 274
1 1.8950000200000001e-02 2.0688642899999998e-02 1.8950000200000001e-02 2.0325001299999999e-02 275
1 1.9258066599999998e-02 2.0688642899999998e-02 1.9258066599999998e-02 2.0325001299999996e-02 275
1 1.8949998900000001e-02 2.3682726300000005e-02 1.8949998900000001e-02 2.3046293799999999e-02 276
1 1.9249997099999999e-02 2.3682726300000002e-02 1.9249997099999999e-02 2.3046293799999999e-02 276
1 1.8949998900000001e-02 2.2984998499999999e-02 1.8949998900000001e-02 2.2299999899999999e-02 277
1 1.9258066599999998e-02 2.2984998499999999e-02 1.9258066599999998e-02 2.2300759519402327e-02 277
0 1.8315000200000001e-02 1.9743950860000001e-02 1.8315000200000001e-02 2.0325001299999999e-02 278
1 1.9258066599999998e-02 1.9743971200000002e-02 1.9258066599999998e-02 2.0325001299999996e-02 278
0 1.7636050580000000e-02 1.9065001240000001e-02 1.8315000200000001e-02 1.9743950860000001e-02 279
1 1.8302899599999999e-02 1.8398152200000000e-02 1.8981849299999999e-02 1.9077101799999999e-02 279
0 1.7636050580000000e-02 1.9065001240000001e-02 1.7200001199999995e-02 1.9065001240000001e-02 280
1 1.7636050580000000e-02 1.8000002099999999e-02 1.7200001199999995e-02 1.8000002099999999e-02 280
1 1.6096366099999999e-02 2.7133067399999999e-02 1.6127293099999999e-02 2.7133067399999999e-02 281
1 1.6096366099999999e-02 2.6825001000000001e-02 1.6144233276429013e-02 2.6827650944832530e-02 281
0 1.4250002000000001e-02 1.9000000100000001e-02 1.4779541770739200e-02 1.9000000100000001e-02 282
1 1.4250001999999999e-02 1.8000002099999999e-02 1.4779541770739200e-02 1.8000002099999999e-02 282
1 1.4853856500000000e-02 2.1943067600000001e-02 1.4783048900000003e-02 2.1943067600000001e-02 283
1 1.4862752327056897e-02 2.1637320248687152e-02 1.4783048900000000e-02 2.1635001200000000e-02 283
0 1.4174998320000002e-02 2.1000001180000002e-02 1.4783048900000000e-02 2.1000001179999998e-02 284
1 1.4174998300000000e-02 2.1943067600000001e-02 1.4783048900000003e-02 2.1943067600000001e-02 284
1 1.6333873370770611e-02 2.5246934499999998e-02 1.6390490500000000e-02 2.5246934499999998e-02 285
1 1.6337899800000000e-02 2.5554228799999999e-02 1.6398170917905505e-02 2.5552714987231689e-02 285
1 1.6096366099999999e-02 2.5246934499999998e-02 1.6333873370770611e-02 2.5246934499999998e-02 286
1 1.6096366099999999e-02 2.5555001000000001e-02 1.6337899800000000e-02 2.5554228799999999e-02 286
0 1.4250002000000001e-02 1.9000000100000001e-02 1.3999999940000001e-02 1.9000000100000001e-02 287
1 1.4250001999999999e-02 1.8056933700000000e-02 1.3999999940000001e-02 1.8056933700000000e-02 287
0 1.3749995400000001e-02 1.9000000100000001e-02 1.3999999940000001e-02 1.9000000100000001e-02 288
1 1.3749995399999999e-02 1.8056933700000000e-02 1.3999999940000001e-02 1.8056933700000000e-02 288
0 1.4174998320000000e-02 1.9699999999999999e-02 1.4174998320000000e-02 1.9174998480000000e-02 289
1 1.3449997199999999e-02 1.9699999999999999e-02 1.3449997199999999e-02 1.9174998480000000e-02 289
1 1.3362442989304066e-02 2.6827261662468214e-02 1.3466950500000000e-02 2.6825001000000001e-02 290
1 1.3369058900000000e-02 2.7133067399999999e-02 1.3466950500000000e-02 2.7133067399999999e-02 290
0 1.3749995400000001e-02 1.9000000100000001e-02 1.3449997199999999e-02 1.9000000100000001e-02 291
1 1.3749995399999999e-02 1.8000002099999999e-02 1.3449997199999999e-02 1.8000002099999999e-02 291
0 1.4174998320000002e-02 2.0365001199999996e-02 1.4174998320000000e-02 1.9999998099999996e-02 292
1 1.3231931900000000e-02 2.0365001199999996e-02 1.3231931900000000e-02 1.9999998099999999e-02 292
1 1.3449997199999999e-02 1.8300000199999999e-02 1.2843687800000000e-02 1.8300000199999999e-02 293
1 1.3449997199999999e-02 1.8000002099999999e-02 1.2843687800000000e-02 1.8000002099999999e-02 293
1 1.2535915999999999e-02 1.7992008699999999e-02 1.2533995799999999e-02 1.7919049800000000e-02 294
1 1.2843683720461595e-02 1.7987908465301957e-02 1.2843659097701698e-02 1.7914915240618851e-02 294
0 1.2341997160000000e-02 1.7841996320000001e-02 1.2341997160000000e-02 1.7919049800000000e-02 295
1 1.2843634499999999e-02 1.7841996299999999e-02 1.2843659097701698e-02 1.7914915240618851e-02 295
0 1.0530939553116282e-02 1.6030938713116283e-02 1.1000000840000001e-02 1.6500000000000001e-02 296
1 1.0885650583116285e-02 1.5676227683116287e-02 1.1354711869999999e-02 1.6145288970000001e-02 296
1 1.0630070199999999e-02 1.5858540800000001e-02 1.0590730429520599e-02 1.5816882384369801e-02 297
1 1.0852165600584293e-02 1.5642742700584293e-02 1.0811634732912606e-02 1.5602211832912606e-02 297
1 1.0452918889348867e-02 2.5840616793887876e-02 1.0473428400000000e-02 2.5840590900000002e-02 298
1 1.0465770300000000e-02 2.6148073200000000e-02 1.0486190235079710e-02 2.6146429585554121e-02 298
1 1.0272597860462323e-02 2.5840844454731816e-02 1.0452918889348867e-02 2.5840616793887876e-02 299
1 1.0276050100000000e-02 2.6152033000000002e-02 1.0465770300000000e-02 2.6148073200000000e-02 299
1 1.0271937823315931e-02 2.6990070500000001e-02 1.0372124359919532e-02 2.6990070500000001e-02 300
1 1.0276050100000000e-02 2.6679032200000001e-02 1.0376179399999999e-02 2.6681666199999999e-02 300
0 9.9155326200000005e-03 2.6415532639999999e-02 1.0153877996397515e-02 2.6415532639999999e-02 301
1 9.9155326000000005e-03 2.6990070500000001e-02 1.0151159280573925e-02 2.6990070500000001e-02 301
0 9.7472550900000003e-03 2.6247255109999999e-02 9.9155326200000005e-03 2.6415532639999999e-02 302
1 9.3409947656519221e-03 2.6653515387392305e-02 9.5092722999999997e-03 2.6821792899999999e-02 302
0 9.1415006400000030e-03 2.5641500660000004e-02 9.3097781899999996e-03 2.5809778209999999e-02 303
1 8.7352403000000006e-03 2.6047760999999999e-02 8.9035178543480746e-03 2.6216038532607684e-02 303
0 9.1050008400000004e-03 2.4586501499999996e-02 9.1050008400000021e-03 2.5403517900000002e-02 304
1 9.7160384999999995e-03 2.4586501500000000e-02 9.7160384999999995e-03 2.5403517899999999e-02 304
0 9.1050008399999986e-03 2.3650002229999998e-02 9.1050008400000004e-03 2.4531004999999998e-02 305
1 9.7049995999999999e-03 2.3650002230000002e-02 9.7049995999999999e-03 2.4531005000000002e-02 305
1 8.8920014999999998e-03 4.4555951000000003e-02 8.8957856044788140e-03 4.4262425785351549e-02 306
1 9.2016376999999993e-03 4.4557972088048736e-02 9.2016376999999993e-03 4.4266327500000001e-02 306
1 8.8920014999999998e-03 6.4524991599999998e-02 8.8946293528614356e-03 6.4574496954585933e-02 307
1 9.2016376999999993e-03 6.4516685808121740e-02 9.2016376999999993e-03 6.4566330100000000e-02 307
1 8.3939176999999997e-03 4.2517006699999998e-02 8.3919974000000001e-03 4.2444047700000001e-02 308
1 8.7016886688153824e-03 4.2512946263399368e-02 8.7016836346338403e-03 4.2439941184878573e-02 308
1 8.3919974000000001e-03 4.1830950100000000e-02 8.3939176999999997e-03 4.1757991199999997e-02 309
1 8.7016419223608903e-03 4.1835034958005529e-02 8.7016368881711135e-03 4.1762029760062297e-02 309
0 8.1999988400000001e-03 4.1830950100000000e-02 8.1999988400000001e-03 4.1851577500000001e-02 310
1 8.7016419223608903e-03 4.1835034958005529e-02 8.7016430618855715e-03 4.1851560204082913e-02 310
1 8.1983629680540248e-03 6.4516686461444359e-02 8.1983630999999998e-03 6.4566330100000000e-02 311
1 8.5079991999999997e-03 6.4524991599999998e-02 8.5053714605608666e-03 6.4574496304483975e-02 311
1 8.1983097319966846e-03 4.4487037201640205e-02 8.1983099260418673e-03 4.4560045180566610e-02 312
1 8.5060815000000001e-03 4.4482992100000000e-02 8.5079991999999997e-03 4.4555951000000003e-02 312
1 8.1079255967961804e-03 3.6630618497584887e-02 8.1244328880126643e-03 3.6370563415751102e-02 313
1 8.4349995999999997e-03 3.6649997800000000e-02 8.4349995999999997e-03 3.6380422500000002e-02 313
1 8.1042764899019078e-03 3.6688106354288041e-02 8.1079255967961804e-03 3.6630618497584887e-02 314
1 8.4095387000000001e-03 3.6707485599999999e-02 8.4131886999999992e-03 3.6649997800000000e-02 314
1 8.0988356999999993e-03 3.6773820300000003e-02 8.1042764899019078e-03 3.6688106354288041e-02 315
1 8.4095387000000001e-03 3.6784297819410262e-02 8.4095387000000001e-03 3.6707485599999999e-02 315
1 8.1018578289675149e-03 2.3337642846121682e-02 8.0985003999999999e-03 2.3126052300000002e-02 316
1 8.4095387000000001e-03 2.3335188300000000e-02 8.4095387000000001e-03 2.3123552246986149e-02 316
1 8.1011343999999996e-03 3.8126177200000000e-02 8.0985003999999999e-03 3.8026047899999998e-02 317
1 8.4095387000000001e-03 3.8122121285855584e-02 8.4095387000000001e-03 3.8021927221667917e-02 317
1 8.0985003999999999e-03 2.1473949900000001e-02 8.1011343999999996e-03 2.1373820599999999e-02 318
1 8.4095387000000001e-03 2.1478071898303648e-02 8.4095387000000001e-03 2.1377876651467429e-02 318
1 8.0985003999999999e-03 3.6873949599999997e-02 8.0988356999999993e-03 3.6773820300000003e-02 319
1 8.4095387000000001e-03 3.6874470845793657e-02 8.4095387000000001e-03 3.6784297819410262e-02 319
0 7.8350008400000001e-03 3.6873949599999997e-02 7.8350008400000001e-03 3.8026047899999998e-02 320
1 8.4095387000000001e-03 3.6874470845793657e-02 8.4095387000000001e-03 3.8021927221667917e-02 320
0 7.8350008400000001e-03 2.1473949900000001e-02 7.8350008400000001e-03 2.3126052300000002e-02 321
1 8.4095387000000001e-03 2.1478071898303648e-02 8.4095387000000001e-03 2.3123552246986149e-02 321
1 7.6983614999999997e-03 4.2439953229511884e-02 7.6983614999999997e-03 4.2512957819912614e-02 322
1 8.0080002000000004e-03 4.2444047700000001e-02 8.0060800000000005e-03 4.2517006699999998e-02 322
0 6.9199988600000002e-03 1.8434499600000001e-02 6.9199988600000002e-03 1.8604999620000000e-02 323
1 7.1470468999999997e-03 1.8434499600000001e-02 7.1470468999999997e-03 1.8604999620000003e-02 323
0 6.1800003400000001e-03 4.8332542428058338e-02 6.1800003400000001e-03 4.7830865334359700e-02 324
1 6.6816376000000000e-03 4.8332542428058345e-02 6.6816376000000000e-03 4.7830865334359707e-02 324
0 6.1800003400000001e-03 4.6027451739999982e-02 6.1800003400000001e-03 4.5525769305173637e-02 325
1 6.6816376000000000e-03 4.6027451739999982e-02 6.6816376000000000e-03 4.5526258698396056e-02 325
1 6.3745425555823097e-03 6.4644175999999998e-02 6.3720015000000001e-03 6.4567246999999994e-02 326
1 6.6816376000000000e-03 6.4643581699999994e-02 6.6816376000000000e-03 6.4562091639862415e-02 326
1 6.3720015000000001e-03 4.1830950100000000e-02 6.3739191999999997e-03 4.1757991199999997e-02 327
1 6.6816376000000000e-03 4.1835043804140166e-02 6.6816376000000000e-03 4.1762035256596573e-02 327
1 6.3004576444261138e-03 2.3237341000068655e-02 6.2957252100980911e-03 2.3311895545711968e-02 328
1 5.9904629999999997e-03 2.3225661552802267e-02 5.9904629999999997e-03 2.3292516300000000e-02 328
1 5.9904629999999997e-03 3.8021927523008620e-02 5.9904629999999997e-03 3.8122121454633139e-02 329
1 6.3015012000000002e-03 3.8026047899999998e-02 6.2988673000000002e-03 3.8126177200000000e-02 329
0 6.5650008399999998e-03 3.7205000500000002e-02 6.5650008399999998e-03 3.8026047899999998e-02 330
1 5.9904629999999997e-03 3.7205000500000002e-02 5.9904629999999997e-03 3.8021927523008620e-02 330
1 5.9904629999999997e-03 3.6749568400000002e-02 5.9904629999999997e-03 3.6775392500000004e-02 331
1 6.2994883696907682e-03 3.6747095442654240e-02 6.2998980448707919e-03 3.6772914310498672e-02 331
1 5.9904629999999997e-03 2.3215654666380644e-02 5.9904629999999997e-03 2.3225661552802267e-02 332
1 6.3011660000000004e-03 2.3226181600000000e-02 6.3004576444261138e-03 2.3237341000068655e-02 332
1 5.9904629999999997e-03 2.3125531185904321e-02 5.9904629999999997e-03 2.3215654666380644e-02 333
1 6.3015012000000002e-03 2.3126052300000002e-02 6.3011994994111422e-03 2.3216174820202645e-02 333
0 6.5650008399999998e-03 2.1473949900000001e-02 6.5650008399999998e-03 2.3126052300000002e-02 334
1 5.9904629999999997e-03 2.1478071661055493e-02 5.9904629999999997e-03 2.3125531185904321e-02 334
1 5.9904629999999997e-03 2.1377876489356028e-02 5.9904629999999997e-03 2.1478071661055493e-02 335
1 6.2988673000000002e-03 2.1373820599999999e-02 6.3015012000000002e-03 2.1473949900000001e-02 335
1 5.9904629999999997e-03 2.3292516300000000e-02 5.9868129999999997e-03 2.3350004099999998e-02 336
1 6.2957252100980911e-03 2.3311895545711968e-02 6.2920761032038176e-03 2.3369383402415126e-02 336
1 5.9650019999999996e-03 2.3350004099999998e-02 5.9650019999999996e-03 2.3619579400000000e-02 337
1 6.2920761032038176e-03 2.3369383402415126e-02 6.2755688117866817e-03 2.3629438487409966e-02 337
1 5.6783628022629793e-03 6.4562649874411418e-02 5.6783629999999996e-03 6.4647597400000006e-02 338
1 5.9879992000000000e-03 6.4567246999999994e-02 5.9857311659951996e-03 6.4644175999999998e-02 338
0 6.1800003400000001e-03 4.8332542428058338e-02 6.1800003400000001e-03 4.8742702388378800e-02 339
1 5.6783250225519704e-03 4.8332543011946262e-02 5.6783259773038339e-03 4.8742702972265635e-02 339
0 6.1800003400000001e-03 4.6027451739999982e-02 6.1800003400000001e-03 4.6529089000000003e-02 340
1 5.6783196568657929e-03 4.6027452323893922e-02 5.6783208245543906e-03 4.6529089583892132e-02 340
1 5.6783097280226572e-03 4.1762036291230563e-02 5.6783098979681923e-03 4.1835044636852212e-02 341
1 5.9860814999999996e-03 4.1757991199999997e-02 5.9879992000000000e-03 4.1830950100000000e-02 341
0 5.1267232799999968e-03 3.7373278080000003e-02 5.2950008400000003e-03 3.7205000519999996e-02 342
1 5.5329835593700789e-03 3.7779538364842519e-02 5.7012610999999996e-03 3.7611260799999997e-02 342
0 4.6000009600000004e-03 3.7900000400000002e-02 4.7682784799999963e-03 3.7731722880000006e-02 343
1 5.0062613000000002e-03 3.8306260699999997e-02 5.1745388006299185e-03 3.8137983175157479e-02 343
1 4.7204630000000003e-03 3.6649997800000000e-02 4.7204630000000003e-03 3.6876422983286389e-02 344
1 5.0279088866004903e-03 3.6647552030802701e-02 5.0315011999999999e-03 3.6873949599999997e-02 344
1 4.6950020000000002e-03 3.6547232839514054e-02 4.6950020000000002e-03 3.6649997800000000e-02 345
1 5.0261495000000003e-03 3.6536670600000001e-02 5.0279088866004903e-03 3.6647552030802701e-02 345
1 4.6950020000000002e-03 3.6441528076645358e-02 4.6950020000000002e-03 3.6547232839514054e-02 346
1 5.0194591000000000e-03 3.6431270799999999e-02 5.0261495000000003e-03 3.6536670600000001e-02 346
0 4.5768964927930403e-03 3.7900000400000002e-02 4.6000009600000004e-03 3.7900000400000002e-02 347
1 4.5768964927930403e-03 3.8474538199999998e-02 4.6000010000000003e-03 3.8474538199999998e-02 347
0 4.3620181999999997e-03 3.7900000400000002e-02 4.5768964927930403e-03 3.7900000400000002e-02 348
1 4.3620181999999997e-03 3.8474538199999998e-02 4.5768964927930403e-03 3.8474538199999998e-02 348
0 4.3100000159999999e-02 5.6201993299999996e-02 4.3100000159999999e-02 5.6319291400123671e-02 0
0 4.3100000159999999e-02 5.6081979591445501e-02 4.3100000159999999e-02 5.6201993299999996e-02 0
0 4.1700000420000001e-02 5.7299999700000000e-02 4.1902894626329498e-02 5.7502893906329497e-02 0
0 3.9675000659999994e-02 5.4999999219999991e-02 3.9788731700000003e-02 5.4999999219999991e-02 0
0 3.9683149029294471e-02 4.0883149169294475e-02 3.9888557954281381e-02 4.1088558094281386e-02 0
0 3.9526217631521171e-02 4.0726217771521175e-02 3.9683149029294471e-02 4.0883149169294475e-02 0
0 3.9561269599999997e-02 5.7299999699999986e-02 3.9675000660000001e-02 5.7299999699999986e-02 0
0 2.5048206649999998e-02 3.8298205549999999e-02 2.5173726650000002e-02 3.8423725550000003e-02 0
0 2.4800001200000001e-02 3.8050000100000002e-02 2.5048206649999998e-02 3.8298205549999999e-02 0
0 3.8363516159676037e-02 4.0450000379999997e-02 3.8859368593580301e-02 4.0450000379999997e-02 0
0 3.5599997379999998e-02 4.0450000379999997e-02 3.5599997379999998e-02 4.0500000280000004e-02 0
0 1.3799997800000000e-02 4.0500000280000004e-02 1.3849998969999999e-02 4.0449999110000003e-02 0
0 3.2600000839999997e-02 4.8000000520000002e-02 3.2600000839999997e-02 4.8100000320000003e-02 0
0 3.0001425900000000e-02 4.8000000520000002e-02 3.0017381034104198e-02 4.8000000520000002e-02 0
0 2.9986861439907208e-02 4.8000000520000002e-02 3.0001425900000000e-02 4.8000000520000002e-02 0
0 2.9833848726636004e-02 4.8000000520000002e-02 2.9986861439907208e-02 4.8000000520000002e-02 0
0 2.9816940656970055e-02 4.8000000520000002e-02 2.9833848726636004e-02 4.8000000520000002e-02 0
0 2.7383727299999997e-02 4.6583721920000001e-02 2.7458320749072184e-02 4.6658315369072188e-02 0
0 2.7352848064759360e-02 4.6552842684759364e-02 2.7383727299999997e-02 4.6583721920000001e-02 0
0 2.7309027879156584e-02 4.6509022499156588e-02 2.7352848064759360e-02 4.6552842684759364e-02 0
0 2.7241372522477349e-02 4.6441367142477354e-02 2.7309027879156584e-02 4.6509022499156588e-02 0
0 2.7230268140000007e-02 4.6430262760000007e-02 2.7241372522477349e-02 4.6441367142477354e-02 0
0 2.7221265139085279e-02 4.6421259759085280e-02 2.7230268140000007e-02 4.6430262760000007e-02 0
0 2.6691437726086373e-02 4.8000000520000002e-02 2.6753402371349683e-02 4.8000000520000002e-02 0
0 2.6595695004127621e-02 4.8000000520000002e-02 2.6691437726086373e-02 4.8000000520000002e-02 0
0 2.6580010299999998e-02 4.8000000520000002e-02 2.6595695004127621e-02 4.8000000520000002e-02 0
0 2.6567270656787170e-02 4.8000000520000002e-02 2.6580010299999998e-02 4.8000000520000002e-02 0
0 6.7613047300000024e-03 4.7761301470000003e-02 7.0000037800000015e-03 4.8000000520000002e-02 0
0 6.1053649299999974e-03 4.7105361669999998e-02 6.2545965235685872e-03 4.7254593263568588e-02 0
0 3.8599998999999996e-02 1.9050000000000001e-02 3.8615000240000003e-02 1.9065001240000001e-02 0
0 3.8599998999999996e-02 1.9000000100000001e-02 3.8599998999999996e-02 1.9050000000000001e-02 0
0 3.6074997700000000e-02 2.0365001200000000e-02 3.6074997700000000e-02 2.0525000900000000e-02 0
0 3.6074997700000000e-02 1.9700000000000002e-02 3.6074997700000000e-02 1.9999998099999999e-02 0
0 3.5799999520000000e-02 1.9000000100000001e-02 3.6074997700000000e-02 1.9274998280000004e-02 0
0 3.3995073000000001e-02 1.7735072500000001e-02 3.4141999280000002e-02 1.7881998780000002e-02 0
0 3.2309767236815244e-02 1.6049766736815248e-02 3.3960000700000000e-02 1.7700000200000000e-02 0
0 3.2296384472184497e-02 1.6036383972184501e-02 3.2309767236815244e-02 1.6049766736815248e-02 0
0 3.1109777779999993e-02 2.5909778019999993e-02 3.1149369089341572e-02 2.5949369329341575e-02 0
0 3.1081117768857410e-02 2.5881118008857409e-02 3.1109777779999993e-02 2.5909778019999993e-02 0
0 3.0941500260000001e-02 2.5741500500000000e-02 3.1081117768857410e-02 2.5881118008857409e-02 0
0 3.0499999959999999e-02 6.5398009920000014e-02 3.0499999959999999e-02 6.5699998140000007e-02 0
0 3.0124996899999999e-02 6.5023006859999996e-02 3.0499999959999999e-02 6.5398009920000014e-02 0
0 3.0124996936196288e-02 6.4713442973719740e-02 3.0124996899999999e-02 6.5023006859999996e-02 0
0 3.0741886017977244e-02 2.6700002479999999e-02 3.0838433359179868e-02 2.6700002479999999e-02 0
0 2.7999999880000001e-02 1.6241174019999999e-02 2.8001393706673299e-02 1.6239780193326701e-02 0
0 2.7999999880000001e-02 1.6241174019999999e-02 2.7999999880000001e-02 1.7669047699999999e-02 0
0 1.6799999420000000e-02 1.9050000000000001e-02 1.6815000659999999e-02 1.9065001240000001e-02 0
0 1.6799999420000000e-02 1.9000000100000001e-02 1.6799999420000000e-02 1.9050000000000001e-02 0
0 1.4174998320000002e-02 2.0365001199999996e-02 1.4174998320000002e-02 2.1000001180000002e-02 0
0 1.4174998320000000e-02 1.9699999999999999e-02 1.4174998320000000e-02 1.9999998099999996e-02 0
0 1.3999999940000001e-02 1.9000000100000001e-02 1.4174998320000000e-02 1.9174998480000000e-02 0
0 1.2200001039999998e-02 1.7700000200000000e-02 1.2341997160000000e-02 1.7841996320000001e-02 0
0 1.1000000840000001e-02 1.6500000000000001e-02 1.2200001039999998e-02 1.7700000200000000e-02 0
0 1.0513645495712201e-02 1.6013644655712200e-02 1.0530939553116282e-02 1.6030938713116283e-02 0
0 9.1415006400000064e-03 2.5450001169999965e-02 9.1415006400000030e-03 2.5641500660000004e-02 0
0 9.1050008400000021e-03 2.5450001170000000e-02 9.1415006400000064e-03 2.5450001169999965e-02 0
0 9.1050008400000021e-03 2.5403517900000002e-02 9.1050008400000021e-03 2.5450001170000000e-02 0
0 9.1050008400000004e-03 2.4550001700000001e-02 9.1050008400000004e-03 2.4586501499999996e-02 0
0 9.1050008400000004e-03 2.4531004999999998e-02 9.1050008400000004e-03 2.4550001700000001e-02 0
0 6.8999988999999999e-03 1.8624999580000006e-02 7.1470468999999997e-03 1.8624999579999999e-02 0
0 6.9199988600000002e-03 1.7700000200000000e-02 6.9199988600000002e-03 1.8434499600000001e-02 0
0 6.9199988600000002e-03 1.6514589800000000e-02 6.9199988600000002e-03 1.7700000200000000e-02 0
0 6.8999988999999999e-03 1.8624999580000006e-02 6.9199988600000002e-03 1.8604999620000000e-02 0
0 6.2000003000000003e-03 1.8624999580000006e-02 6.8999988999999999e-03 1.8624999580000006e-02 0
0 3.6409452000000001e-03 3.7900000400000002e-02 3.6500016000000001e-03 3.7900000400000002e-02 0
